100 411
1 12
1 5
1 57
1 67
1 41
1 89
2 51
2 14
2 63
2 10
2 40
2 90
2 76
2 93
3 60
3 12
3 42
3 87
3 51
3 56
3 46
3 20
3 85
3 17
4 90
4 23
4 97
4 83
5 7
5 23
5 84
5 18
5 70
5 20
5 81
6 33
6 26
6 73
6 74
6 69
6 79
7 49
7 13
7 36
7 77
7 12
7 80
7 34
7 74
7 88
7 29
7 95
7 78
7 23
8 36
8 53
8 47
8 23
8 21
8 56
9 84
9 37
9 14
9 22
9 97
9 38
10 21
10 62
10 16
10 74
10 39
10 58
10 63
10 19
10 53
11 63
11 85
11 91
11 75
11 76
11 82
11 86
11 42
11 68
11 23
11 46
11 79
12 77
13 77
13 15
13 36
13 37
13 20
14 94
14 22
15 91
15 82
15 48
15 99
15 67
16 17
16 68
16 47
16 98
16 74
16 61
16 54
16 21
16 31
16 27
16 76
17 55
17 65
17 56
17 86
17 87
17 61
17 48
17 96
17 54
17 85
18 89
18 99
18 70
18 96
18 66
18 39
18 85
19 22
19 71
19 36
19 78
19 54
19 31
19 53
20 79
20 22
20 81
20 37
20 46
20 88
20 26
21 75
21 56
21 31
22 42
22 99
22 75
22 24
22 55
22 43
23 69
23 84
23 48
23 24
23 47
23 78
23 68
24 56
24 43
24 48
24 90
24 99
24 75
25 82
25 48
25 84
25 62
26 82
26 97
26 46
26 44
26 42
26 79
26 75
26 88
26 34
26 89
26 58
26 35
27 45
27 78
27 76
28 91
28 63
29 65
29 81
29 67
29 54
29 96
29 44
29 93
29 55
29 95
30 100
30 65
30 45
30 82
30 33
30 35
31 40
31 93
31 54
32 62
32 42
32 39
32 33
32 81
32 84
33 80
33 35
33 39
33 46
33 66
34 98
34 67
34 36
34 58
34 80
34 89
35 85
35 40
35 65
35 83
35 80
35 97
35 64
35 76
35 58
36 66
36 57
36 84
36 58
36 87
36 44
36 78
36 86
36 41
37 59
37 61
37 74
38 49
38 76
38 97
39 96
39 61
39 58
39 85
39 66
39 78
40 90
40 56
40 43
41 83
41 92
41 51
41 94
41 89
41 86
42 74
42 99
42 78
42 69
42 86
42 87
42 44
43 57
43 56
43 49
43 48
43 52
43 96
43 55
44 92
44 52
44 96
44 87
45 59
45 82
46 95
46 54
46 97
46 86
46 70
46 79
46 66
47 70
47 86
47 98
47 85
47 59
47 100
47 62
48 98
48 99
48 97
48 61
48 82
48 49
48 56
48 81
48 88
48 50
49 72
49 52
49 88
49 60
50 69
50 55
50 92
50 77
50 88
51 64
51 52
51 69
51 77
51 100
51 94
51 56
52 89
52 56
52 91
52 78
52 93
52 69
52 72
52 96
53 64
53 96
53 99
54 72
54 67
54 61
54 96
55 80
55 84
55 93
56 58
56 91
56 65
56 71
56 82
56 81
57 79
57 84
57 67
58 74
59 85
60 78
60 88
61 73
61 74
62 73
62 90
62 84
62 88
62 94
62 100
63 96
63 90
64 76
64 67
64 77
65 83
66 73
66 96
66 78
67 87
67 84
67 76
67 69
67 100
67 99
67 77
69 79
69 78
69 100
70 76
70 86
71 97
71 82
72 83
73 90
73 74
74 88
75 99
75 91
75 79
76 84
76 82
76 93
77 81
77 100
77 92
78 93
80 94
80 97
80 84
81 84
83 97
86 100
86 87
87 90
88 97
88 96
88 94
90 99
90 96
93 95
96 99
97 99
