100 514
1 66
1 53
1 58
1 16
2 61
2 69
2 26
2 73
2 76
2 68
2 81
2 94
2 52
2 67
2 59
2 83
2 67
2 39
2 65
2 93
3 82
3 94
3 42
3 92
3 72
3 52
3 41
3 83
4 65
4 61
4 55
4 94
4 45
4 15
5 83
5 72
5 12
5 10
5 79
5 42
5 35
5 93
5 35
5 23
6 48
6 16
6 58
6 63
6 94
6 87
6 82
6 63
6 72
6 63
6 86
6 40
7 35
7 45
7 60
7 17
7 97
7 68
7 32
7 27
8 75
8 27
8 43
8 89
8 23
8 49
8 68
8 83
8 86
8 17
8 23
8 21
8 67
8 67
8 23
8 96
8 47
8 49
9 12
9 22
9 34
9 56
10 34
10 60
10 81
10 59
10 62
10 68
10 32
10 83
10 45
10 96
10 84
11 34
11 48
11 50
11 93
11 12
11 44
12 59
13 89
13 83
13 30
13 57
13 73
13 99
13 70
13 86
13 94
13 14
13 98
13 35
13 47
13 57
13 90
13 87
13 17
13 17
14 28
14 40
14 73
14 57
14 85
14 61
14 65
14 40
14 23
14 86
14 35
15 91
15 41
15 28
15 16
15 30
15 16
15 23
15 98
15 99
15 42
15 90
15 24
15 67
16 87
16 95
16 65
16 99
16 74
16 89
16 91
16 91
16 84
16 42
16 44
16 23
16 35
16 20
17 23
17 84
17 30
17 90
17 62
17 92
17 95
17 62
17 39
17 45
17 23
17 49
17 20
17 47
17 96
17 86
18 78
18 73
20 69
20 70
20 72
20 79
20 62
20 55
20 47
20 49
20 35
20 21
20 24
20 94
20 96
20 86
21 87
21 84
21 43
21 70
21 89
21 36
21 47
21 40
21 94
21 70
21 47
21 94
21 96
21 35
22 33
22 76
22 85
22 65
22 85
22 58
22 27
23 39
23 54
23 74
23 44
23 82
23 39
23 32
23 45
23 65
24 36
24 88
24 85
24 91
24 91
24 54
24 27
24 81
24 45
24 86
24 88
24 84
24 49
24 65
24 76
24 96
25 91
25 83
25 43
25 67
25 80
25 40
25 57
25 76
26 59
26 61
26 80
27 48
27 62
27 92
27 87
27 52
27 36
28 61
28 85
28 32
28 43
30 99
30 95
30 71
31 32
31 48
31 65
31 80
32 68
32 60
32 45
32 81
32 99
32 72
32 35
32 42
32 33
33 54
33 65
33 80
33 54
33 79
33 76
33 49
33 71
34 59
34 40
34 56
34 89
34 59
35 46
35 43
35 92
35 71
35 87
35 54
35 57
35 91
35 45
35 94
35 86
36 88
36 85
36 86
38 53
38 92
38 76
38 42
38 92
38 49
39 78
39 85
39 92
39 42
39 83
39 61
39 40
39 76
39 87
39 88
39 90
39 94
39 67
39 87
39 86
39 93
40 77
40 50
40 44
40 88
40 87
40 44
40 49
40 91
40 70
40 45
40 45
41 85
41 54
41 94
41 70
41 52
41 98
42 55
43 58
43 56
43 97
43 83
43 91
44 74
44 98
44 90
44 71
44 85
44 68
44 96
44 88
44 96
44 86
44 93
45 90
45 98
45 61
45 47
45 86
45 87
46 60
46 80
46 98
47 85
47 87
47 53
47 56
47 95
47 54
47 88
47 96
47 61
47 57
47 49
47 57
47 96
48 50
48 57
49 92
49 73
49 82
49 99
49 76
49 68
49 93
50 91
50 92
50 51
51 56
52 63
52 98
52 73
52 83
52 58
52 83
53 91
53 96
53 60
54 55
54 81
54 95
55 84
55 62
55 59
55 96
56 59
57 88
57 76
57 87
57 93
57 67
57 86
58 74
58 98
58 71
59 75
59 95
59 89
59 97
59 97
59 95
60 99
60 85
60 79
61 74
61 68
62 88
62 88
62 68
62 95
63 71
63 97
63 76
63 99
65 98
65 88
65 87
65 76
65 87
65 70
65 84
65 95
65 94
66 98
67 72
67 93
67 88
67 87
67 71
67 83
67 86
67 88
67 94
67 94
67 93
67 93
68 96
68 95
68 97
70 90
70 98
70 79
71 93
71 79
71 80
73 92
73 81
73 85
73 74
74 98
74 85
76 85
76 83
76 86
77 79
79 93
79 92
79 88
80 84
80 84
81 85
81 84
83 85
83 89
83 86
85 87
85 89
86 87
86 93
87 96
87 96
87 90
88 99
88 95
88 98
88 89
89 99
90 96
90 91
91 97
91 94
91 99
91 96
92 95
92 98
92 96
93 96
94 96
95 99
95 97
