100 823
1 87
1 94
1 3
1 18
1 62
1 24
1 35
1 29
1 54
1 97
1 55
1 49
1 92
1 53
1 93
1 74
1 34
1 88
2 52
2 5
2 85
2 50
2 20
2 77
2 26
2 64
2 22
2 84
2 39
2 34
2 3
2 74
2 15
2 10
2 87
2 72
2 55
2 93
3 64
3 22
3 17
3 30
3 61
3 6
3 95
3 27
3 87
3 41
3 18
3 74
3 56
3 52
3 32
3 69
3 59
3 37
4 97
4 59
4 92
4 41
4 42
4 30
4 85
4 95
4 20
4 69
4 35
4 82
4 87
4 53
4 70
4 47
4 52
4 31
5 28
5 97
5 56
5 23
5 40
5 65
5 55
5 33
5 31
5 43
5 32
5 21
5 41
5 54
5 16
6 60
6 43
6 81
6 14
6 62
6 38
6 61
6 92
6 57
6 13
6 52
6 64
6 8
6 49
6 91
7 10
7 62
7 98
7 9
7 13
7 50
7 96
7 52
7 71
7 44
7 46
7 68
7 89
7 32
7 67
7 76
8 29
8 41
8 54
8 39
8 61
8 82
8 27
8 60
8 76
8 86
8 64
8 15
8 68
8 95
8 23
8 20
8 48
9 61
9 16
9 41
9 85
9 27
9 14
9 67
9 39
9 98
9 59
9 43
10 13
10 30
10 68
10 15
10 29
10 94
10 99
10 66
10 35
10 89
10 48
10 54
10 49
10 22
11 25
11 91
11 86
11 79
11 83
11 89
11 30
11 71
11 90
11 32
11 24
11 81
12 16
12 70
12 27
12 96
12 32
12 62
12 41
12 71
12 72
12 81
12 64
12 51
12 84
12 100
12 22
12 88
12 67
12 35
12 45
12 69
13 43
13 93
13 85
13 56
13 27
13 40
13 39
13 52
13 31
13 38
13 42
13 72
13 33
13 80
13 50
13 14
13 84
13 29
13 66
13 94
13 60
13 100
13 88
14 15
14 96
14 81
14 27
14 41
14 58
14 53
14 71
14 97
14 36
14 80
14 42
14 65
14 60
14 59
14 70
14 84
14 47
14 39
15 45
15 54
15 64
15 68
15 34
15 57
15 52
15 42
15 80
15 70
16 40
16 43
16 61
16 81
16 51
16 49
16 56
16 35
16 50
16 22
16 54
16 60
16 20
17 59
17 31
17 30
17 41
17 95
17 87
17 28
17 94
17 48
17 99
17 72
17 67
17 49
17 100
17 74
17 50
17 92
17 81
17 47
18 63
18 95
18 34
18 47
18 88
18 20
18 75
18 30
18 73
18 100
18 96
18 28
18 55
18 19
19 90
19 68
19 82
19 69
19 36
19 42
19 31
19 97
19 84
19 58
19 22
19 61
19 55
20 34
20 76
20 77
20 40
20 47
20 88
20 75
20 82
20 70
20 61
20 69
20 60
20 48
21 92
21 73
21 30
21 85
21 28
21 57
21 41
22 46
22 84
22 71
22 56
22 74
22 76
22 50
22 88
22 61
22 49
23 86
23 85
23 32
23 91
23 61
23 72
23 40
23 100
23 30
23 42
23 24
23 95
23 28
23 46
24 32
24 100
24 42
24 61
24 39
24 62
24 53
24 82
24 81
24 55
24 38
24 92
24 36
25 27
25 98
25 91
25 89
25 71
25 72
25 29
25 100
25 43
25 26
25 77
25 40
25 37
26 54
26 35
26 29
26 89
26 69
26 43
26 64
26 32
26 40
26 77
26 95
26 55
26 66
26 76
27 73
27 56
27 60
27 96
27 95
27 58
27 30
28 36
28 87
28 56
28 98
28 96
28 57
28 46
28 50
28 62
29 40
29 89
29 72
29 59
29 86
29 35
29 94
29 70
29 48
29 66
29 51
29 80
29 57
29 50
30 83
30 92
30 68
30 42
30 44
30 95
30 100
30 94
30 80
30 71
30 47
30 87
30 75
30 85
30 58
30 57
30 70
31 67
31 43
31 34
31 96
31 93
31 97
31 38
31 95
31 62
31 33
31 91
31 37
31 52
31 61
31 35
32 75
32 91
32 40
32 62
32 85
32 72
32 86
32 50
32 84
32 98
32 76
32 83
32 43
32 60
32 46
32 95
32 66
32 69
32 90
32 89
33 55
33 82
33 52
33 92
33 65
33 58
33 80
33 42
33 84
34 82
34 40
34 67
34 47
34 43
34 81
34 70
34 39
34 57
34 88
35 50
35 85
35 59
35 57
35 96
35 37
35 36
35 56
35 82
35 67
35 89
35 61
36 81
36 42
36 37
36 97
36 40
36 88
36 83
36 39
36 92
37 66
37 77
37 41
37 96
37 46
37 53
37 59
37 40
37 91
38 85
38 53
38 62
38 63
38 47
38 68
38 77
38 87
38 66
38 90
38 58
38 55
39 46
39 66
39 54
39 52
39 89
39 40
39 67
39 61
39 47
39 83
40 71
40 43
40 47
40 67
40 88
40 86
40 48
41 54
41 85
41 92
41 58
41 95
41 71
41 96
41 87
42 79
42 78
42 46
42 50
42 91
42 97
42 45
42 65
42 48
42 75
42 72
42 80
42 84
42 52
43 69
43 55
43 66
43 100
43 48
43 93
43 58
43 86
43 59
44 98
44 87
44 95
44 57
44 53
44 78
44 51
44 73
44 55
44 59
44 77
44 56
44 54
44 71
45 51
45 98
45 75
45 65
45 86
45 96
45 69
45 100
45 90
46 50
46 57
46 69
46 60
46 53
46 68
47 76
47 61
47 75
47 59
47 63
47 51
47 67
47 87
47 83
47 72
47 70
47 81
48 72
48 98
48 93
48 75
48 94
48 70
48 54
48 86
49 62
49 58
49 52
49 71
49 51
49 54
49 100
49 67
49 91
49 55
50 51
50 85
50 86
50 62
50 92
50 78
50 93
50 57
51 72
51 69
51 90
51 76
51 67
51 64
51 78
51 84
51 85
51 80
52 100
52 89
52 71
52 92
52 56
52 60
52 78
52 96
53 69
53 71
53 57
53 65
53 59
53 87
53 82
53 92
54 64
54 62
54 58
54 97
54 100
54 56
55 94
55 66
55 65
55 74
55 70
55 73
55 93
55 95
56 57
56 74
56 97
56 98
56 71
57 91
57 96
57 92
57 69
57 70
58 72
58 86
58 62
58 84
58 87
58 96
58 65
58 81
58 92
58 90
58 94
58 76
59 75
59 85
59 86
59 65
59 77
59 70
60 74
60 78
60 65
60 94
61 82
61 72
61 81
61 70
62 68
62 96
62 95
62 76
62 81
63 65
63 83
63 75
63 70
63 67
64 70
65 78
65 85
65 88
65 77
65 95
66 78
66 80
66 98
66 100
66 95
66 99
66 87
66 76
67 88
67 70
67 76
68 97
68 96
68 77
69 79
69 82
69 72
70 81
70 74
70 80
71 84
71 89
71 95
71 97
72 85
72 81
72 83
72 87
72 99
73 100
74 76
74 100
74 75
74 88
74 93
75 93
75 98
75 83
75 82
75 81
75 80
75 88
76 90
76 86
76 83
76 94
76 81
77 86
77 95
78 80
78 93
79 86
79 97
79 81
80 96
80 93
80 94
80 81
81 90
81 97
81 92
83 99
83 89
84 89
84 97
84 96
84 85
84 98
84 100
85 93
85 95
85 88
86 96
87 96
88 99
88 100
89 95
90 100
91 98
91 97
93 96
95 97
96 97
98 100
