1000 8758
1 313
1 660
1 214
1 385
1 358
1 525
1 266
1 188
1 110
1 580
1 824
1 894
1 986
1 910
2 874
2 385
2 378
2 969
2 514
2 467
2 826
2 634
2 200
2 24
3 100
3 787
3 205
3 880
3 486
3 295
3 928
3 939
3 381
3 819
3 556
3 423
3 262
3 260
3 24
3 48
3 238
3 73
3 430
3 81
3 457
3 946
3 114
3 315
3 417
3 683
3 347
3 977
3 858
3 966
4 531
4 697
4 119
4 961
4 994
4 458
4 263
4 110
4 14
4 418
4 422
4 490
4 420
4 566
4 484
4 732
5 150
5 102
5 844
5 974
5 722
5 416
5 37
5 345
5 637
5 311
5 686
5 515
5 792
5 28
5 871
5 11
6 628
6 288
6 438
6 928
6 891
6 976
6 971
6 286
6 47
6 773
6 62
6 440
6 332
6 964
6 867
6 749
6 874
6 842
7 759
7 250
7 169
7 683
7 964
7 844
7 542
7 586
7 816
7 503
7 590
7 476
7 628
7 399
7 587
7 823
7 764
7 8
7 15
7 855
7 495
7 237
8 480
8 672
8 84
8 933
8 313
8 633
8 477
8 147
8 707
8 326
8 219
8 332
8 785
8 854
8 764
8 363
8 113
9 814
9 383
9 124
9 248
9 500
9 579
9 622
9 509
9 655
9 511
9 797
9 408
9 858
9 993
9 377
9 431
9 336
9 438
9 751
9 653
9 502
9 205
9 328
9 104
10 657
10 467
10 491
10 37
10 354
10 372
10 65
10 399
10 857
10 363
10 179
10 36
10 885
10 331
10 603
10 163
10 50
10 875
11 554
11 15
11 39
11 167
11 409
11 515
11 294
11 752
11 537
11 987
11 633
11 280
11 858
11 362
11 818
11 399
11 733
11 485
11 313
11 541
11 871
12 472
12 167
12 305
12 841
12 998
12 846
12 477
12 118
13 956
13 305
13 244
13 963
13 690
13 761
13 521
13 81
13 795
13 363
13 205
13 255
13 571
13 231
13 868
13 268
13 21
13 604
13 609
13 123
13 580
13 803
13 429
13 294
14 908
14 934
14 649
14 358
14 154
14 461
14 435
14 882
14 872
14 609
14 321
14 528
14 898
14 398
14 488
14 284
14 304
14 163
14 214
14 602
14 821
14 894
14 418
14 542
14 772
14 424
14 178
14 661
14 873
14 806
14 919
14 537
14 395
15 119
15 517
15 381
15 643
15 994
15 153
15 936
15 855
15 564
15 682
15 490
15 546
15 804
15 959
16 690
16 120
16 57
16 208
16 452
16 501
16 601
16 834
16 195
16 654
16 264
16 802
16 407
16 464
16 52
16 562
17 296
17 201
17 631
17 879
17 94
17 802
17 898
17 330
17 392
17 708
17 693
17 705
18 669
18 242
18 362
18 746
18 431
18 144
19 927
19 480
19 366
19 125
19 102
19 267
19 949
19 41
19 506
19 114
19 881
19 681
19 321
19 635
19 607
19 786
19 442
19 828
19 378
19 849
19 582
19 204
20 464
20 948
20 173
20 423
20 594
20 764
20 772
20 858
20 222
20 852
20 368
20 863
20 846
20 896
20 24
20 870
20 259
20 378
20 193
20 454
20 42
20 391
21 298
21 111
21 669
21 229
21 128
21 478
21 297
21 798
21 141
21 889
21 604
21 973
21 546
22 130
22 59
22 201
22 568
22 161
22 685
22 951
22 551
22 72
22 374
22 857
22 950
22 212
22 207
22 652
22 737
22 460
22 33
23 850
23 381
23 573
23 508
23 410
23 612
23 601
23 662
23 257
23 659
23 764
23 218
23 430
23 944
23 691
23 815
23 819
23 816
23 352
23 322
23 458
23 215
24 753
24 357
24 828
24 321
24 419
24 708
24 222
24 271
24 777
24 261
24 48
24 750
24 786
24 870
24 277
24 894
24 599
24 672
24 265
24 542
24 344
24 33
24 200
24 100
24 513
25 277
25 657
25 495
25 202
25 120
25 671
25 448
25 789
25 331
25 962
26 207
26 645
26 850
26 482
26 886
26 693
26 936
26 795
26 259
26 296
26 900
26 716
26 697
26 760
26 636
26 853
26 651
26 828
27 347
27 996
27 466
27 958
27 167
27 853
27 53
27 802
27 989
27 371
28 740
28 951
28 702
28 352
28 84
28 256
28 246
28 633
28 861
28 668
28 237
28 689
28 792
28 494
28 375
29 816
29 222
29 355
29 791
29 304
29 617
29 882
29 727
29 679
29 613
29 561
29 578
30 434
30 421
30 290
30 958
30 944
30 706
30 133
30 177
30 349
30 880
30 115
30 776
30 809
30 415
30 587
30 552
30 125
30 806
31 846
31 890
31 845
31 993
31 609
31 74
31 421
31 839
31 119
31 771
31 159
31 927
31 106
31 958
31 784
31 540
31 292
31 810
32 88
32 627
32 198
32 51
32 270
32 907
32 210
32 816
32 955
32 468
32 630
32 642
32 124
32 628
32 349
32 126
32 937
32 761
32 176
32 314
33 985
33 317
33 812
33 414
33 655
33 400
33 214
33 885
33 703
33 165
33 833
33 875
33 460
33 447
33 868
33 344
34 411
34 227
34 898
34 256
34 229
34 551
34 374
34 817
34 101
34 178
34 109
34 991
34 649
34 874
35 45
35 870
35 559
35 367
35 518
35 128
35 556
35 124
36 289
36 364
36 577
36 229
36 430
36 566
36 179
36 146
36 861
36 546
36 629
36 400
36 748
36 809
36 221
36 665
36 871
36 920
36 619
37 247
37 397
37 352
37 362
37 491
37 75
37 641
37 500
37 515
37 345
37 395
37 218
37 647
37 912
38 765
38 747
38 407
38 417
38 306
38 118
38 507
38 112
38 426
38 963
38 911
38 774
38 293
38 144
39 975
39 507
39 167
39 642
39 775
39 421
39 660
39 593
39 874
39 793
39 615
39 102
39 567
39 613
39 739
39 100
39 265
39 453
39 384
39 870
39 107
40 539
40 419
40 719
40 949
40 293
40 49
40 828
40 158
40 787
40 863
40 143
40 566
40 254
40 87
40 745
40 236
40 614
40 244
40 993
40 507
41 631
41 481
41 967
41 887
41 630
41 645
41 949
41 256
41 543
41 255
41 641
41 456
41 956
41 758
41 737
41 499
41 965
41 771
41 550
41 588
41 605
41 180
41 962
42 151
42 424
42 365
42 778
42 654
42 962
42 751
42 777
42 465
42 510
42 586
42 426
42 70
42 894
42 101
42 492
42 391
43 463
43 938
43 615
43 680
43 965
43 905
43 633
43 412
43 125
43 653
44 432
44 746
44 85
44 966
44 611
44 52
44 48
44 223
44 135
44 579
44 518
44 701
44 395
44 921
44 170
44 47
44 437
44 229
44 201
44 985
45 321
45 395
45 672
45 251
45 50
45 610
45 953
45 916
45 262
45 683
45 558
45 245
45 756
46 862
46 551
46 79
46 807
46 177
46 879
46 117
46 398
46 518
46 808
46 782
46 182
46 476
46 733
46 554
46 644
47 713
47 968
47 186
47 890
47 997
47 302
47 971
47 423
47 398
47 702
47 773
47 170
47 259
47 467
47 238
47 853
48 903
48 372
48 340
48 820
48 223
48 507
48 396
48 675
48 842
48 379
48 136
48 418
48 341
49 565
49 468
49 293
49 935
49 604
49 637
49 591
49 423
49 584
49 858
49 851
49 312
49 780
49 269
49 212
49 454
49 170
49 588
49 740
49 280
49 608
50 341
50 208
50 421
50 829
50 484
50 340
50 251
50 592
50 522
50 422
50 445
50 711
50 997
50 590
50 305
50 299
50 333
50 489
50 865
50 351
50 257
50 875
51 582
51 273
51 198
51 353
51 557
51 894
51 963
51 598
51 211
51 590
51 867
51 718
51 473
51 886
51 865
51 862
51 58
51 643
51 498
51 197
51 851
51 220
51 138
51 245
51 973
51 539
51 174
52 189
52 270
52 711
52 709
52 569
52 352
52 611
52 574
52 577
52 523
52 418
52 191
52 469
52 627
52 793
52 145
52 853
52 350
52 923
52 562
53 226
53 155
53 565
53 596
53 840
53 105
53 178
53 614
53 254
53 487
53 511
53 893
53 802
53 204
53 175
54 159
54 290
54 888
54 833
54 457
54 413
54 795
54 282
54 898
54 915
54 298
54 967
55 635
55 378
55 589
55 205
55 579
55 377
55 135
55 921
55 667
55 656
55 463
55 990
55 665
55 133
55 105
55 958
55 814
55 236
55 127
55 416
55 749
55 124
55 868
55 359
55 782
55 454
56 527
56 884
56 437
56 356
56 658
56 482
56 876
56 887
56 284
56 59
56 455
56 471
57 251
57 869
57 208
57 307
57 524
57 249
57 443
57 159
57 220
57 964
57 518
58 264
58 115
58 159
58 237
58 541
58 945
58 862
58 494
58 355
58 102
58 810
59 683
59 166
59 512
59 171
59 707
59 635
59 429
59 151
59 786
59 793
59 654
59 628
59 728
59 284
59 741
59 108
59 680
59 742
59 785
59 554
59 642
59 371
60 424
60 804
60 1000
60 606
60 183
60 694
60 86
60 189
60 992
60 803
60 276
60 176
60 290
60 80
60 999
60 140
61 367
61 628
61 375
61 983
61 417
61 746
61 110
61 482
61 869
61 709
61 870
61 285
61 791
61 242
61 565
61 94
61 935
61 424
62 950
62 238
62 310
62 428
62 932
62 393
62 190
62 653
62 440
62 358
62 976
62 896
62 503
62 848
62 151
62 258
62 417
62 922
62 951
63 295
63 800
63 499
63 409
63 136
63 274
63 612
63 550
63 462
63 772
63 506
63 995
63 88
63 501
63 203
63 551
63 562
63 661
63 931
63 348
64 880
64 138
64 625
64 511
64 965
64 883
64 130
64 836
64 316
64 709
64 973
64 681
64 220
64 953
64 616
64 816
64 726
64 659
65 919
65 489
65 566
65 827
65 354
65 751
65 399
65 725
65 571
65 943
65 925
65 699
65 776
65 258
65 501
65 155
65 983
65 948
65 95
65 722
65 526
65 916
65 816
66 937
66 542
66 291
66 998
66 103
66 601
66 558
66 479
66 226
66 288
66 795
66 722
66 113
66 443
67 417
67 785
67 992
67 588
67 361
67 953
67 637
67 351
67 295
67 818
67 974
67 259
67 600
67 722
67 695
67 344
67 378
67 590
67 365
67 899
67 524
67 390
67 126
67 450
67 495
67 388
67 296
67 403
68 885
68 610
68 427
68 657
68 458
68 926
68 223
68 348
69 304
69 733
69 231
69 343
69 661
69 813
69 784
69 79
69 488
69 933
69 494
69 119
69 854
69 594
70 502
70 369
70 723
70 697
70 917
70 759
70 740
70 207
70 879
70 687
70 206
70 996
70 540
70 792
70 180
70 673
70 894
70 549
70 929
70 342
70 737
71 468
71 534
71 349
71 406
71 775
71 542
71 383
71 572
71 933
71 768
72 624
72 86
72 975
72 391
72 797
72 731
72 374
72 274
72 108
72 307
72 653
72 801
72 333
72 462
72 148
72 312
72 353
73 538
73 450
73 173
73 237
73 200
73 552
73 123
73 619
73 238
73 865
73 518
73 737
73 530
73 815
73 594
74 841
74 258
74 609
74 112
74 372
74 94
74 141
74 493
74 644
75 328
75 345
75 504
75 917
75 641
75 784
75 582
75 762
75 355
75 685
75 771
75 231
75 194
76 563
76 851
76 948
76 328
76 234
76 868
76 751
76 512
76 795
76 452
76 940
76 406
76 639
76 643
76 572
76 729
76 141
76 176
77 586
77 416
77 636
77 459
77 640
77 313
77 1000
77 822
77 867
77 90
77 558
77 823
78 443
78 439
78 894
78 653
78 552
78 465
78 291
78 829
78 316
78 452
78 94
78 309
78 98
78 771
79 710
79 484
79 807
79 407
79 674
79 711
79 625
79 906
79 452
79 784
79 818
79 191
79 943
79 671
79 738
79 822
80 878
80 929
80 460
80 238
80 386
80 636
80 290
80 887
80 199
80 98
80 261
81 188
81 701
81 346
81 410
81 379
81 597
81 458
81 252
81 796
81 579
81 521
81 430
81 560
81 497
81 935
81 196
81 968
81 619
81 979
81 776
82 469
82 789
82 625
82 454
82 366
82 314
82 282
82 713
82 132
82 365
82 594
82 829
83 656
83 710
83 819
83 171
83 981
83 590
83 832
83 341
83 118
83 318
84 350
84 535
84 933
84 254
84 601
84 999
84 927
84 816
84 476
84 891
84 789
84 503
84 525
84 267
84 907
84 256
84 287
84 401
84 730
84 904
84 522
84 356
84 860
84 445
84 794
84 270
84 670
84 879
85 230
85 387
85 966
85 189
85 136
85 208
85 734
85 651
85 771
85 396
85 231
85 159
85 971
85 668
85 116
85 442
85 505
86 400
86 922
86 146
86 189
86 174
86 238
86 748
86 154
86 354
86 688
86 998
86 485
86 326
86 725
87 764
87 148
87 116
87 845
87 267
87 697
87 254
88 95
88 708
88 423
88 234
88 662
88 272
88 642
88 501
88 472
88 803
88 788
88 276
89 416
89 406
89 838
89 739
89 799
89 892
89 550
89 769
89 884
89 933
89 253
89 304
89 379
89 465
89 359
89 796
89 258
89 567
90 422
90 614
90 408
90 664
90 627
90 794
90 967
90 694
90 325
90 912
90 867
90 181
90 800
90 672
90 200
91 516
91 151
91 304
91 896
91 652
91 496
91 472
91 131
91 351
91 756
92 234
92 547
92 815
92 264
92 853
92 649
92 568
92 947
92 666
92 509
92 127
92 996
93 178
93 282
93 637
93 200
93 993
93 787
93 220
93 610
93 952
93 401
93 797
93 742
93 943
93 437
94 157
94 636
94 802
94 695
94 821
94 149
94 917
94 358
94 726
94 141
94 309
94 565
95 873
95 119
95 846
95 692
95 771
95 340
95 148
95 281
95 229
95 149
95 574
95 388
95 195
95 207
95 975
95 948
95 479
95 233
95 777
95 418
95 911
95 387
96 665
96 735
96 807
96 971
96 747
96 507
96 969
96 896
96 110
96 376
96 466
96 908
96 976
96 947
96 821
96 349
96 756
97 591
97 790
97 463
97 319
97 726
97 590
97 467
97 934
97 338
97 667
97 752
97 587
97 515
97 664
97 585
97 697
98 514
98 896
98 959
98 934
98 188
98 644
98 388
98 730
98 480
98 621
98 555
98 971
98 528
98 455
98 584
98 468
98 876
98 335
98 261
98 771
98 489
98 508
98 190
98 748
99 300
99 616
99 696
99 304
99 796
99 948
99 507
99 731
99 812
99 759
99 124
99 939
100 181
100 715
100 351
100 193
100 901
100 254
100 605
100 375
100 184
100 265
100 513
101 131
101 663
101 833
101 283
101 947
101 939
101 923
101 541
101 998
101 241
101 178
101 884
101 113
101 413
101 199
101 132
101 160
101 927
101 243
101 492
102 499
102 554
102 870
102 267
102 500
102 573
102 567
102 201
102 516
102 339
102 331
102 810
102 566
102 509
103 310
103 558
103 601
103 800
103 442
103 608
103 237
103 931
103 520
103 684
103 340
103 574
103 241
103 656
103 451
103 524
103 707
103 786
103 756
104 907
104 850
104 886
104 450
104 354
104 201
104 287
104 317
104 363
104 753
104 916
104 820
104 378
104 138
104 328
105 521
105 413
105 840
105 723
105 846
105 852
105 279
105 437
105 916
105 958
105 921
105 667
105 814
105 151
106 109
106 902
106 1000
106 853
106 312
106 365
106 399
106 516
106 958
106 683
106 747
106 721
106 341
106 151
106 782
106 436
106 273
107 370
107 396
107 251
107 622
107 527
107 254
107 870
107 930
107 531
107 152
107 317
108 173
108 921
108 667
108 979
108 428
108 989
108 274
108 935
108 282
108 741
108 151
108 390
108 234
108 154
109 194
109 868
109 554
109 928
109 795
109 815
109 432
109 150
109 638
109 991
109 615
109 594
109 681
109 219
110 973
110 526
110 428
110 324
110 482
110 452
110 961
110 896
110 263
110 838
110 879
110 971
110 336
110 829
110 614
110 383
110 768
110 580
111 833
111 280
111 493
111 470
111 132
111 548
111 617
111 124
111 537
111 697
111 284
112 498
112 133
112 747
112 167
112 482
112 452
112 372
112 507
112 949
112 831
113 167
113 730
113 237
113 714
113 865
113 488
113 448
113 433
113 884
113 489
113 704
113 189
113 965
113 360
113 498
113 637
113 289
113 130
113 537
113 443
113 161
113 139
113 363
113 836
113 721
113 625
113 604
114 231
114 844
114 728
114 885
114 325
114 286
114 993
114 725
114 506
114 856
114 301
114 705
114 792
114 315
114 803
114 628
114 537
114 656
115 818
115 682
115 413
115 128
115 554
115 573
115 177
115 538
115 816
115 776
116 123
116 742
116 845
116 668
116 233
116 529
116 716
116 125
116 348
116 660
117 609
117 581
117 883
117 987
117 975
117 570
117 946
117 651
117 161
117 811
117 770
117 792
117 869
117 864
117 398
117 579
117 454
117 475
117 441
118 485
118 658
118 688
118 458
118 987
118 711
118 306
118 477
118 368
118 952
118 379
118 808
118 318
119 555
119 846
119 961
119 771
119 345
119 796
119 494
120 365
120 413
120 535
120 730
120 688
120 359
120 245
120 671
120 488
120 121
120 440
120 296
120 630
120 322
120 360
120 380
120 132
120 148
121 201
121 643
121 306
121 913
121 221
121 325
121 488
121 832
121 711
121 736
121 189
122 596
122 337
122 137
122 929
122 698
122 364
122 860
122 838
122 626
122 235
122 385
122 434
122 548
122 569
122 702
122 281
123 847
123 590
123 295
123 443
123 839
123 619
123 609
123 836
123 460
124 664
124 291
124 248
124 222
124 902
124 242
124 512
124 693
124 755
124 987
124 406
124 628
124 537
124 415
124 542
124 749
124 556
124 718
124 544
124 792
124 365
124 939
125 306
125 920
125 211
125 194
125 366
125 992
125 327
125 273
125 250
125 229
125 618
125 753
125 368
125 453
125 236
125 362
125 418
125 806
125 653
125 589
125 868
125 716
126 526
126 652
126 880
126 208
126 225
126 655
126 654
126 354
126 349
126 450
127 256
127 579
127 260
127 616
127 701
127 808
127 996
127 416
127 227
127 481
127 941
127 508
128 921
128 602
128 782
128 625
128 478
128 554
128 518
128 479
128 460
128 383
128 667
128 926
128 362
128 998
128 207
129 478
129 731
129 200
129 184
129 547
129 206
129 486
129 932
129 450
129 795
129 390
129 915
130 837
130 366
130 651
130 467
130 676
130 624
130 902
130 836
130 149
130 509
130 537
130 723
130 965
130 332
130 731
131 319
131 472
131 825
131 583
131 275
131 811
131 839
131 179
131 974
131 365
131 297
131 581
132 483
132 154
132 735
132 624
132 722
132 332
132 470
132 327
132 167
132 468
132 983
132 365
132 160
132 499
132 627
132 148
132 204
132 520
132 568
132 308
133 286
133 402
133 501
133 452
133 743
133 177
133 665
133 799
133 777
133 351
133 842
133 541
133 925
133 673
133 870
133 185
133 682
134 960
134 320
134 719
134 147
134 513
134 475
134 709
134 396
134 593
134 310
134 449
134 623
135 808
135 708
135 500
135 617
135 921
135 895
135 831
135 579
135 818
135 332
135 267
135 394
135 347
135 155
135 561
135 296
136 727
136 997
136 274
136 189
136 991
136 701
136 975
136 789
136 905
136 485
136 912
136 268
136 865
136 682
136 379
137 407
137 334
137 638
137 561
137 723
137 930
137 929
137 245
137 955
137 142
137 526
137 374
137 556
137 611
137 676
137 567
137 298
138 766
138 624
138 715
138 695
138 872
138 605
138 741
138 483
138 546
138 502
138 744
138 705
138 505
138 220
138 378
139 610
139 577
139 388
139 797
139 324
139 279
139 921
139 516
139 221
139 912
139 847
139 858
139 161
140 941
140 620
140 703
140 866
140 974
140 395
140 668
140 336
140 999
140 676
140 417
140 492
140 315
141 909
141 834
141 964
141 565
141 450
141 391
141 889
141 567
141 360
141 251
141 496
141 176
142 258
142 461
142 661
142 738
142 495
142 196
142 161
142 649
142 659
142 352
142 536
142 148
142 526
142 532
142 942
142 584
142 493
142 707
142 292
143 718
143 874
143 257
143 246
143 397
143 589
143 789
143 285
143 566
143 666
143 430
143 725
143 426
143 656
143 934
143 321
143 594
144 428
144 994
144 415
144 712
144 464
144 865
144 293
144 431
145 253
145 721
145 600
145 500
145 852
145 397
145 956
145 864
145 853
145 241
145 503
145 345
145 630
145 742
145 386
146 303
146 888
146 922
146 817
146 930
146 861
146 854
146 947
146 980
146 743
146 165
146 831
146 945
146 999
146 877
146 168
146 604
146 916
147 905
147 224
147 719
147 477
148 912
148 418
148 449
148 393
148 208
148 340
148 681
148 273
148 974
148 439
148 536
148 990
148 458
148 150
148 460
148 478
148 965
148 472
148 190
148 662
148 179
148 462
148 488
148 337
149 824
149 880
149 603
149 307
149 532
149 979
149 574
149 917
149 965
149 783
149 668
149 267
149 509
149 211
149 159
149 224
149 659
150 254
150 288
150 915
150 815
150 365
150 460
150 966
150 828
150 638
150 854
150 688
150 742
150 326
150 786
150 863
151 923
151 715
151 649
151 883
151 786
151 768
151 284
151 410
151 659
151 226
151 518
151 244
151 832
151 501
151 968
151 525
151 512
151 848
151 782
151 617
151 419
151 622
151 754
151 390
151 222
151 564
151 453
151 271
151 814
152 584
152 522
152 738
152 509
152 446
152 459
152 843
152 302
152 317
153 166
153 483
153 279
153 914
153 944
153 510
153 667
153 975
153 781
153 261
153 161
153 488
153 936
153 333
153 284
153 721
153 268
154 537
154 461
154 294
154 751
154 943
154 486
154 171
154 297
154 748
154 736
154 454
154 949
154 924
154 234
154 562
154 307
155 779
155 899
155 873
155 851
155 738
155 800
155 872
155 432
155 864
155 637
155 687
155 983
155 169
155 647
155 842
155 307
155 347
155 784
155 696
156 358
156 802
156 372
156 925
156 664
156 659
156 923
156 324
156 280
156 660
156 298
156 940
156 639
156 783
157 427
157 162
157 694
157 620
157 187
157 525
157 679
157 350
157 731
157 180
157 630
157 585
157 204
157 275
157 975
158 612
158 405
158 828
158 194
158 426
158 614
158 958
158 817
158 184
158 175
158 770
158 746
158 161
158 660
158 246
159 261
159 985
159 187
159 696
159 703
159 927
159 237
159 211
159 971
159 220
159 724
159 312
159 244
159 577
160 284
160 770
160 385
160 580
160 470
160 671
160 484
160 648
160 350
160 578
160 861
160 538
160 974
160 613
161 818
161 259
161 649
161 685
161 384
161 471
161 218
161 490
161 488
161 811
161 746
161 912
161 552
161 889
161 193
161 250
161 972
161 543
161 596
162 541
162 684
162 694
162 850
162 356
162 179
162 477
162 164
162 535
162 654
162 887
162 884
162 487
162 336
162 619
163 331
163 219
163 503
163 834
163 971
163 554
163 225
163 742
163 532
163 454
163 825
163 744
163 304
163 603
163 591
163 867
163 393
163 483
164 869
164 692
164 453
164 318
164 535
164 646
164 847
164 443
164 435
164 796
164 337
165 363
165 324
165 202
165 536
165 342
165 297
165 831
165 906
165 390
165 703
165 222
165 561
165 968
165 692
166 614
166 512
166 744
166 973
166 708
166 746
166 859
166 850
166 209
166 846
166 541
166 766
167 234
167 411
167 261
167 790
167 747
167 327
167 853
167 638
167 369
168 218
168 529
168 178
168 265
168 559
168 456
168 539
168 771
168 877
168 359
168 384
169 389
169 855
169 683
169 350
169 993
169 647
169 672
169 761
170 214
170 281
170 868
170 507
170 838
170 699
170 972
170 827
170 200
170 387
170 799
170 655
170 831
170 993
170 454
171 413
171 859
171 366
171 673
171 196
171 930
171 707
171 986
171 209
171 341
171 809
171 819
171 297
171 687
171 745
171 501
171 362
172 931
172 272
172 861
172 503
172 404
172 511
172 448
172 180
172 715
172 964
172 817
172 912
172 813
172 600
172 499
172 846
172 708
172 557
172 885
172 627
173 694
173 237
173 423
173 965
173 567
173 333
173 452
173 979
173 856
173 838
173 894
173 353
173 250
174 435
174 827
174 298
174 307
174 238
174 472
174 933
174 539
175 961
175 919
175 917
175 878
175 204
175 770
175 253
175 797
175 821
175 654
176 787
176 578
176 981
176 554
176 369
176 868
176 276
176 358
176 198
176 601
176 426
176 411
176 514
176 288
176 937
176 314
176 394
176 319
177 914
177 962
177 518
177 643
177 573
177 932
177 621
177 879
177 673
177 409
177 544
177 380
178 257
178 265
178 917
178 252
178 614
178 685
178 263
178 278
178 895
178 316
178 846
178 424
178 664
178 752
178 644
178 642
179 583
179 423
179 313
179 858
179 629
179 254
179 949
179 429
179 677
179 532
179 875
179 546
179 477
179 777
179 593
179 839
179 662
179 407
179 549
180 437
180 533
180 359
180 231
180 238
180 385
180 448
180 894
180 983
180 250
180 815
180 241
180 215
180 630
180 388
180 616
180 673
180 962
181 884
181 502
181 877
181 460
181 303
181 254
181 573
181 891
181 605
181 917
181 945
181 910
181 519
181 325
181 457
181 800
182 530
182 233
182 695
182 595
182 202
182 324
182 216
182 464
182 861
182 222
182 782
183 684
183 621
183 694
183 211
183 790
183 688
183 290
183 680
183 857
183 918
183 936
183 535
183 944
183 940
183 291
183 489
183 475
183 328
183 624
184 305
184 604
184 779
184 947
184 200
184 376
184 556
184 817
184 375
184 438
184 256
184 427
184 495
185 992
185 326
185 455
185 598
185 514
185 430
185 207
185 503
185 731
185 702
185 682
186 976
186 211
186 991
186 992
186 890
187 695
187 528
187 297
187 259
187 985
187 599
187 547
187 620
187 471
187 622
187 266
187 630
187 224
187 705
187 913
187 646
188 707
188 644
188 478
188 666
188 352
188 241
188 381
188 678
188 266
188 923
188 328
188 399
188 901
188 359
188 771
188 252
188 871
189 793
189 388
189 278
189 633
189 504
189 965
189 458
189 914
189 736
189 367
189 386
190 496
190 691
190 855
190 794
190 657
190 439
190 331
190 432
190 996
190 902
190 403
190 543
190 653
190 472
190 748
190 318
190 477
191 235
191 706
191 437
191 640
191 749
191 810
191 469
191 818
192 687
192 875
192 718
192 952
192 596
192 997
192 449
192 938
192 609
192 230
193 364
193 279
193 385
193 983
193 289
193 1000
193 901
193 832
193 607
193 308
193 333
193 544
193 393
193 394
193 377
193 969
193 946
193 889
193 454
194 245
194 211
194 381
194 566
194 296
194 741
194 349
194 496
194 426
194 882
194 812
194 399
194 198
194 377
194 490
194 865
194 446
194 231
195 639
195 473
195 931
195 308
195 468
195 700
195 388
195 654
195 506
195 383
196 505
196 814
196 495
196 930
196 878
196 519
196 966
196 385
196 582
196 450
196 935
196 918
196 398
196 218
196 512
196 800
196 691
196 296
196 448
197 810
197 926
197 445
197 911
197 882
197 915
197 506
197 929
197 873
197 205
197 851
197 327
197 937
198 308
198 225
198 473
198 584
198 754
198 861
198 358
198 931
198 896
198 633
198 380
198 392
198 229
198 399
198 899
198 953
199 730
199 478
199 211
199 344
199 887
199 413
200 356
200 501
200 637
200 552
200 794
200 292
200 589
200 960
200 757
200 983
200 373
200 340
200 387
200 697
200 440
200 672
201 568
201 354
201 455
201 515
201 729
201 911
201 485
201 611
201 516
201 334
201 586
201 985
201 251
201 576
202 913
202 374
202 495
202 324
202 291
202 661
202 570
202 795
202 232
202 793
202 536
202 534
202 864
203 611
203 447
203 481
203 718
203 551
203 253
203 751
203 639
203 630
203 626
203 749
203 347
203 236
203 695
203 826
204 608
204 893
204 474
204 405
204 897
204 232
204 567
204 836
204 645
204 747
204 772
204 922
204 753
204 929
204 253
204 779
204 585
204 436
204 290
204 582
204 520
205 552
205 519
205 589
205 880
205 402
205 354
205 255
205 434
205 832
205 873
205 254
205 257
205 502
205 775
205 277
206 365
206 988
206 547
206 210
206 467
206 996
206 633
206 207
206 435
206 429
207 860
207 814
207 940
207 865
207 607
207 479
207 634
207 740
207 272
207 747
207 975
207 503
207 633
207 212
207 751
207 431
207 998
207 458
207 563
208 267
208 880
208 879
208 576
208 535
208 292
208 393
208 734
208 677
208 512
208 322
208 797
208 842
208 347
208 551
208 504
209 897
209 215
209 266
209 396
209 986
209 267
209 459
209 372
209 1000
209 253
209 327
209 308
209 687
209 860
209 312
209 846
210 890
210 677
210 816
210 713
210 516
210 246
210 959
210 467
210 918
210 646
210 425
210 664
210 852
210 904
210 344
210 233
210 476
210 968
210 684
210 373
211 798
211 837
211 270
211 790
211 344
211 921
211 748
211 598
211 381
211 280
211 765
211 925
211 988
211 370
212 276
212 567
212 367
212 614
212 501
212 508
212 246
212 395
212 797
212 288
212 511
212 409
212 973
212 951
212 767
212 381
212 269
212 260
212 372
212 606
212 831
212 344
212 214
213 275
213 825
213 933
213 297
213 310
213 617
213 420
213 653
213 686
213 941
213 679
213 466
213 362
213 486
213 341
213 625
213 318
213 414
214 474
214 385
214 457
214 591
214 656
214 753
214 885
214 700
214 441
214 447
214 493
214 602
214 344
215 598
215 247
215 569
215 608
215 944
215 286
215 974
215 241
215 869
215 640
215 240
215 675
215 458
216 376
216 462
216 716
216 438
216 327
216 374
216 464
216 931
216 643
217 607
217 843
217 509
217 222
217 623
217 225
217 904
217 522
218 714
218 337
218 952
218 490
218 764
218 800
218 756
218 395
218 512
218 887
218 668
219 280
219 518
219 779
219 332
219 973
219 451
219 617
219 633
219 999
219 426
219 519
219 291
219 978
219 804
219 895
219 929
219 504
219 631
219 734
219 550
219 681
220 236
220 830
220 555
220 823
220 997
220 382
220 610
220 953
220 448
220 514
221 829
221 761
221 322
221 561
221 732
221 499
221 325
221 856
221 898
221 809
221 912
221 980
221 492
222 294
222 224
222 457
222 902
222 509
222 271
222 417
222 679
222 861
222 852
222 924
222 576
222 561
222 564
222 732
222 328
223 312
223 939
223 658
223 382
223 844
223 668
223 474
223 613
223 683
223 993
223 348
223 708
223 431
223 737
223 570
224 366
224 741
224 851
224 358
224 978
224 457
224 310
224 994
224 842
224 285
224 705
224 659
225 382
225 542
225 428
225 655
225 667
225 562
225 742
225 793
225 844
225 623
225 374
225 764
225 660
225 715
225 812
225 767
226 673
226 952
226 583
226 518
226 288
226 960
226 822
226 229
226 656
227 468
227 331
227 240
227 260
227 253
227 412
227 975
227 401
227 481
227 714
227 885
227 542
227 291
228 342
228 314
228 578
228 675
228 531
228 750
228 759
228 550
228 360
228 237
228 887
228 694
229 567
229 942
229 248
229 555
229 937
229 438
229 669
229 577
229 326
229 858
229 281
229 551
229 618
229 400
229 714
229 501
229 358
229 499
229 919
229 392
229 357
229 959
229 437
229 955
229 689
229 636
229 596
229 656
230 749
230 609
230 777
230 792
231 451
231 359
231 343
231 779
231 569
231 543
231 452
231 782
231 787
231 396
231 571
231 737
231 280
231 752
231 551
232 823
232 401
232 928
232 720
232 253
232 535
232 897
232 895
232 789
232 616
232 567
232 793
232 869
232 522
233 568
233 728
233 936
233 330
233 482
233 479
233 344
233 354
233 597
233 943
233 269
233 956
233 379
233 529
234 802
234 242
234 746
234 411
234 662
234 428
234 671
234 868
234 520
234 557
234 622
234 982
234 930
234 570
235 638
235 686
235 646
235 976
235 763
235 795
235 491
235 627
235 820
235 854
235 590
235 626
236 722
236 870
236 498
236 453
236 814
236 649
236 506
236 347
236 745
236 562
236 885
237 374
237 278
237 714
237 608
237 884
237 473
237 789
237 711
237 360
237 689
237 325
237 461
237 495
237 668
237 792
238 933
238 385
238 460
238 305
238 704
238 763
238 957
238 339
238 243
238 679
238 251
238 853
238 797
238 299
239 605
239 720
239 310
239 970
239 566
239 325
239 809
239 504
239 819
239 491
239 674
239 782
240 518
240 765
240 260
240 567
240 556
240 284
240 600
240 830
240 566
240 675
241 939
241 465
241 998
241 352
241 520
241 881
241 574
241 503
241 629
241 709
242 781
242 746
242 368
242 867
242 512
242 990
242 520
242 587
242 724
242 791
242 283
242 362
243 559
243 425
243 304
243 740
243 665
243 924
243 506
243 867
243 301
243 883
243 864
243 767
243 339
243 918
243 321
243 512
243 326
243 927
243 408
243 972
244 972
244 472
244 963
244 302
244 899
244 432
244 960
244 440
244 394
244 832
244 894
244 608
244 876
244 975
244 510
244 711
244 614
244 431
244 698
244 577
245 900
245 601
245 858
245 359
245 955
245 856
245 851
245 561
245 468
245 801
245 967
245 756
245 973
245 936
245 697
246 500
246 829
246 257
246 395
246 959
246 978
246 283
246 609
246 755
246 633
246 414
246 639
246 660
246 584
246 566
247 654
247 569
247 460
247 322
247 396
247 552
247 469
247 882
247 440
247 728
247 432
247 676
247 508
247 843
247 362
247 833
248 848
248 321
248 555
248 782
248 299
248 292
248 863
248 726
248 533
248 330
248 750
249 392
249 274
249 687
249 902
249 746
249 612
249 520
249 932
249 257
249 529
249 656
249 503
249 427
249 548
249 443
249 724
249 704
249 855
249 942
250 650
250 273
250 900
250 568
250 815
250 353
250 972
251 898
251 646
251 523
251 424
251 670
251 679
251 622
251 496
251 350
251 656
251 576
252 782
252 633
252 917
252 458
252 438
252 569
252 466
252 285
252 871
253 681
253 785
253 308
253 535
253 304
253 638
253 368
253 412
253 779
253 327
253 609
253 883
253 751
253 797
253 298
253 848
253 806
253 372
254 965
254 623
254 402
254 601
254 895
254 670
254 629
254 970
254 835
254 573
254 487
254 605
254 527
254 257
255 351
255 498
255 635
255 522
255 468
255 766
255 641
255 628
255 708
256 515
256 458
256 413
256 898
256 543
256 468
256 603
256 438
256 504
256 666
256 922
256 792
256 923
256 794
257 655
257 659
257 529
257 351
257 920
257 958
257 505
257 584
257 939
257 959
258 811
258 517
258 476
258 272
258 501
258 830
258 544
258 714
258 932
258 731
258 388
258 417
258 567
259 936
259 297
259 296
259 974
259 737
259 819
259 946
259 461
259 467
259 378
260 994
260 736
260 616
260 417
260 440
260 872
260 713
260 262
260 372
261 566
261 790
261 641
261 743
261 777
261 781
261 324
261 297
262 371
262 318
262 382
262 405
262 270
262 676
262 621
262 608
262 681
262 449
262 916
263 533
263 713
263 301
263 509
263 302
263 290
263 685
263 757
263 548
264 473
264 995
264 630
264 847
264 329
264 450
264 320
264 612
264 983
264 815
264 802
264 553
264 544
264 468
264 638
264 533
264 821
265 585
265 898
265 484
265 533
265 429
265 342
265 945
265 400
265 289
265 379
265 542
266 953
266 287
266 458
266 667
266 571
266 545
266 396
266 345
266 898
266 342
266 294
266 297
266 356
266 630
267 958
267 784
267 610
267 459
267 646
267 365
267 668
267 324
267 787
267 907
267 394
267 697
267 808
267 827
268 726
268 816
268 616
268 853
268 714
268 290
268 868
268 721
268 641
268 830
268 912
269 712
269 837
269 943
270 277
270 847
270 616
270 837
270 596
270 881
270 917
270 345
270 907
270 871
270 918
270 676
270 272
270 644
270 484
270 291
270 859
270 473
270 794
271 373
271 947
271 939
271 382
271 453
272 788
272 344
272 299
272 642
272 701
272 544
272 747
272 476
272 644
272 958
272 988
272 446
272 771
272 991
272 748
273 763
273 681
273 555
273 712
273 436
274 289
274 894
274 297
275 658
275 552
275 940
275 811
275 279
275 797
275 869
275 732
275 480
275 851
275 975
275 432
275 882
276 316
276 699
276 505
276 967
276 954
276 741
276 528
276 783
276 337
276 327
276 730
276 788
276 294
276 377
277 343
277 425
277 339
277 644
277 454
277 702
277 544
277 902
277 679
277 349
277 894
277 618
277 597
277 826
277 585
277 775
277 833
277 818
278 455
278 388
278 323
278 338
278 895
279 786
279 914
279 353
279 999
279 324
279 852
279 414
279 482
279 797
279 788
279 863
280 376
280 493
280 967
280 491
280 509
280 579
280 660
280 880
280 952
280 368
280 323
280 598
280 526
280 470
280 968
280 633
280 381
280 391
280 859
280 525
280 497
280 737
280 712
280 684
280 519
280 719
280 608
281 899
281 780
281 748
281 653
281 574
281 506
281 907
281 338
281 426
281 1000
281 530
281 702
282 966
282 795
282 713
282 935
283 827
283 515
283 833
283 641
283 979
283 978
283 362
283 412
283 364
284 449
284 768
284 600
284 488
284 935
284 961
284 697
284 333
284 489
284 384
285 325
285 952
285 466
285 789
285 870
285 842
285 881
285 946
285 675
285 341
286 570
286 484
286 927
286 974
286 971
286 325
286 946
286 307
286 983
286 622
286 768
286 716
286 853
286 534
287 319
287 390
287 507
287 928
287 386
287 358
287 356
287 317
287 401
287 491
287 352
287 704
287 391
287 594
287 438
288 432
288 915
288 892
288 491
288 558
288 865
288 797
288 937
289 775
289 395
289 1000
289 637
289 542
289 968
289 379
290 871
290 983
290 706
290 958
290 302
290 714
290 782
290 919
290 688
290 436
290 898
290 301
290 689
290 476
291 301
291 998
291 683
291 478
291 661
291 922
291 674
291 982
291 461
291 519
291 940
291 742
291 843
291 829
291 484
291 542
292 807
292 906
292 535
292 794
292 949
292 877
292 969
292 545
292 863
292 810
292 707
293 758
293 431
293 744
293 513
293 581
293 478
294 860
294 367
294 718
294 751
294 927
294 939
294 752
294 442
294 753
294 607
294 626
294 342
294 750
294 814
294 429
294 377
295 542
295 486
295 590
295 818
295 793
295 519
295 315
295 394
295 423
295 417
295 902
295 804
295 949
295 386
295 837
295 414
296 399
296 741
296 722
296 934
296 440
296 488
296 838
296 403
296 561
296 669
296 691
296 448
297 517
297 354
297 933
297 894
297 798
297 708
297 546
297 342
297 324
297 356
297 301
297 518
297 581
298 467
298 836
298 470
298 536
298 461
298 307
298 815
298 833
298 940
298 848
298 967
298 563
298 574
298 567
299 738
299 957
299 344
299 782
299 589
299 586
299 578
299 514
299 333
299 921
299 383
299 797
300 390
300 867
300 628
301 822
301 509
301 883
301 903
301 752
301 866
301 785
301 856
301 432
301 953
301 938
301 448
301 565
301 764
301 898
301 518
302 560
302 783
302 997
302 587
302 433
302 761
302 406
302 899
302 383
302 679
302 973
302 516
302 843
303 384
303 460
303 707
303 831
303 920
303 353
303 936
303 679
303 999
303 586
303 344
303 878
303 912
303 525
304 431
304 740
304 617
304 896
304 696
304 794
304 332
304 690
304 824
304 634
304 504
304 512
304 792
305 841
305 916
305 612
305 590
305 704
305 763
305 527
305 487
305 856
306 723
306 913
306 737
306 725
306 647
306 708
307 621
307 965
307 418
307 354
307 682
307 700
307 603
307 946
307 851
307 466
307 653
307 842
307 709
307 863
307 984
307 668
307 524
307 777
307 392
307 562
308 393
308 785
308 361
308 888
308 931
308 725
308 570
308 333
308 687
308 826
308 373
308 568
309 877
309 977
309 689
309 663
309 645
309 992
309 545
309 585
310 889
310 428
310 994
310 970
310 617
310 756
310 574
310 593
311 685
311 497
311 573
311 728
311 604
311 642
311 637
311 321
311 356
312 323
312 698
312 894
312 365
312 678
312 483
312 953
312 358
312 413
312 580
312 860
312 780
312 724
312 606
312 989
312 353
313 929
313 981
313 444
313 633
313 640
313 858
313 350
313 853
313 998
313 381
313 748
313 970
313 541
314 373
314 922
314 409
314 765
314 584
314 366
314 569
314 578
314 939
314 874
315 346
315 539
315 605
315 779
315 480
315 735
315 394
315 365
315 545
315 492
315 330
315 653
316 795
316 699
316 559
316 550
316 499
316 905
316 747
316 393
316 687
316 325
316 429
316 709
316 452
316 846
317 512
317 717
317 592
317 763
317 789
317 467
317 554
317 883
317 851
318 734
318 453
318 911
318 378
318 414
318 477
319 463
319 425
319 423
319 957
319 381
319 394
320 415
320 450
320 708
320 870
320 386
320 734
320 928
320 747
321 710
321 901
321 828
321 731
321 874
321 528
321 918
321 635
321 356
321 477
321 878
321 365
321 464
321 594
322 348
322 935
322 460
322 816
322 621
322 561
322 797
322 630
322 352
322 413
322 963
323 522
323 901
323 814
323 953
323 804
323 963
323 809
323 338
323 787
323 585
323 975
323 989
323 492
323 755
323 368
323 827
323 539
324 444
324 428
324 923
324 719
324 528
324 787
324 465
324 414
324 857
324 952
325 419
325 918
325 580
325 566
325 429
325 912
325 457
325 536
325 861
325 461
326 990
326 858
326 707
326 393
326 645
326 512
326 462
326 847
326 742
326 547
326 988
326 785
326 390
326 725
327 525
327 970
327 992
327 374
327 973
327 768
327 937
327 722
327 732
327 730
327 707
327 380
328 620
328 948
328 941
328 397
328 361
328 809
328 796
328 744
328 723
328 404
328 923
328 732
328 624
328 355
328 780
328 664
328 711
329 741
329 508
329 847
329 456
329 902
329 475
329 476
329 970
329 338
329 667
329 943
330 406
330 717
330 900
330 740
330 482
330 528
330 959
330 898
330 750
330 653
331 925
331 468
331 432
331 885
331 565
331 608
331 659
331 783
331 416
331 891
331 339
331 962
332 648
332 404
332 722
332 775
332 920
332 818
332 794
332 627
332 631
332 964
332 840
332 581
332 731
333 771
333 846
333 576
333 969
333 452
333 994
333 464
333 853
333 736
333 801
333 387
333 655
333 751
333 667
334 463
334 953
334 998
334 960
334 607
334 374
334 708
334 586
334 533
334 452
335 693
335 764
335 432
335 645
335 876
335 663
335 948
336 736
336 600
336 570
336 523
336 730
336 791
336 668
336 438
336 971
336 801
336 370
336 619
337 719
337 952
337 783
337 796
337 977
337 459
337 488
338 943
338 992
338 932
338 412
338 667
338 426
338 621
338 928
338 849
338 463
338 970
338 982
338 721
338 984
338 961
339 368
339 806
339 644
339 683
339 905
339 907
339 972
339 856
339 520
340 996
340 517
340 364
340 588
340 484
340 820
340 373
340 684
340 418
340 947
341 415
341 809
341 756
341 511
341 354
341 383
341 721
341 888
341 723
341 832
341 625
341 675
341 418
342 708
342 855
342 624
342 574
342 365
342 536
342 782
342 592
342 475
342 472
342 907
342 429
342 607
342 761
342 756
342 829
342 737
343 576
343 931
343 425
343 977
343 732
343 897
343 620
343 639
343 708
344 556
344 815
344 461
344 863
344 645
344 904
344 714
344 746
344 884
344 409
344 695
344 878
345 454
345 918
345 406
345 917
345 947
345 550
345 562
345 774
345 898
345 796
345 630
346 792
346 410
346 862
346 401
346 956
346 497
347 633
347 873
347 867
347 469
347 424
347 842
347 977
347 587
347 786
348 476
348 833
348 658
348 931
348 660
349 980
349 987
349 496
349 635
349 602
349 406
349 675
349 864
349 967
349 641
349 687
349 578
349 880
349 399
349 438
349 679
349 756
350 641
350 853
350 578
350 993
350 572
350 359
350 731
350 656
350 441
350 777
350 923
351 353
351 715
351 429
351 683
351 637
351 420
351 671
351 756
351 842
351 380
351 613
352 729
352 493
352 702
352 362
352 569
352 947
352 685
352 659
352 491
353 495
353 557
353 666
353 440
353 526
353 421
353 999
353 525
353 757
353 920
353 828
353 397
354 524
354 562
354 557
354 751
354 418
354 477
354 936
354 372
354 402
354 681
354 452
354 382
354 585
354 383
354 654
354 688
354 597
354 879
354 474
355 783
355 729
355 936
355 409
355 791
355 870
355 508
355 762
355 494
355 794
355 900
355 911
355 427
355 760
355 594
355 780
356 737
356 850
356 437
356 358
356 623
356 680
356 378
356 782
356 522
357 368
357 663
357 359
357 749
357 841
357 959
358 598
358 978
358 649
358 797
358 878
358 525
358 953
358 992
358 664
358 501
358 726
358 675
358 969
358 976
358 952
358 465
358 932
358 509
359 440
359 699
359 663
359 434
359 525
359 572
359 384
359 868
359 796
359 771
359 774
359 437
360 497
360 974
360 997
360 789
360 498
360 567
360 380
361 697
361 900
361 888
361 953
361 567
361 872
361 494
361 807
361 809
361 579
361 984
361 836
361 619
361 434
361 383
362 959
362 904
362 731
362 875
362 746
362 678
362 472
362 418
362 992
362 656
362 486
362 926
362 858
362 501
362 487
362 891
362 833
362 448
362 783
363 558
363 795
363 857
363 452
363 741
363 753
364 588
364 631
364 434
364 698
364 412
365 778
365 574
365 815
365 969
365 912
365 646
365 545
365 899
365 693
365 976
365 974
365 464
365 792
365 412
365 768
366 553
366 673
366 597
366 951
366 651
366 424
366 534
366 406
366 902
366 742
366 812
366 380
366 973
366 803
366 946
367 595
367 718
367 614
367 683
367 639
367 559
367 547
367 535
367 386
367 982
367 694
368 867
368 753
368 638
368 863
368 952
369 832
369 868
369 651
369 736
369 638
369 941
369 416
370 798
370 863
370 810
370 885
370 934
370 867
370 585
370 801
370 669
370 594
370 988
371 775
371 553
371 785
371 642
371 587
371 678
371 989
372 496
372 925
372 810
372 775
372 1000
372 968
372 468
372 953
372 435
372 806
372 666
372 566
373 449
373 943
373 878
373 511
373 576
373 670
373 684
373 826
374 817
374 708
374 523
374 545
374 764
374 554
374 988
374 556
374 888
374 770
375 528
375 580
375 983
375 914
375 474
375 697
375 606
375 494
376 657
376 593
376 407
376 898
376 466
376 556
376 983
376 639
376 644
376 696
377 409
377 678
377 579
377 980
377 736
377 871
377 609
377 431
377 820
377 536
377 394
377 941
377 459
377 490
378 687
378 969
378 911
378 384
378 898
378 437
378 794
378 590
378 782
378 849
379 984
379 426
379 597
379 465
379 766
379 678
379 667
379 473
379 612
379 497
379 808
379 956
379 636
379 802
380 922
380 559
380 653
380 540
380 794
380 662
380 633
380 544
380 973
380 707
380 613
380 872
380 979
381 945
381 393
381 667
381 566
381 517
381 819
381 865
381 604
381 767
381 998
381 678
381 781
381 891
381 957
382 594
382 699
382 897
382 658
382 405
382 581
382 650
382 585
382 997
382 601
382 514
382 939
382 645
382 463
383 923
383 695
383 491
383 679
383 572
383 921
383 667
383 768
383 506
383 743
383 990
383 434
384 561
384 852
384 942
384 471
384 898
384 489
384 453
384 781
384 946
385 453
385 580
385 983
385 966
385 876
385 401
385 975
385 462
385 707
385 893
385 852
385 677
385 434
385 971
385 757
386 720
386 656
386 928
386 636
386 814
386 630
386 949
386 734
386 742
387 959
387 637
387 441
387 688
387 673
387 693
387 972
387 655
387 911
388 593
388 392
388 725
388 967
388 859
388 698
388 810
388 439
388 797
388 730
388 659
388 605
388 745
388 905
388 660
388 651
388 868
388 521
388 495
388 731
388 616
389 932
389 893
389 398
389 653
389 505
389 815
389 563
389 674
389 660
390 529
390 439
390 479
390 963
390 475
390 507
390 609
390 539
390 906
390 524
390 532
390 733
390 915
390 785
391 797
391 525
391 493
391 477
391 655
391 812
391 549
391 471
391 975
391 450
391 462
391 750
391 859
391 704
391 679
391 886
392 860
392 666
392 882
392 851
392 708
392 777
393 540
393 667
393 932
393 761
393 429
393 645
393 687
393 544
393 488
393 675
393 483
394 519
394 989
394 927
394 657
394 621
394 561
394 440
394 420
394 929
395 475
395 564
395 775
395 672
395 930
395 896
395 720
395 472
395 974
395 948
395 490
395 921
395 980
395 473
395 904
395 783
395 537
396 864
396 552
396 507
396 709
396 911
396 762
396 478
396 964
397 737
397 589
397 483
397 917
397 941
397 844
397 553
397 852
397 876
397 598
397 828
398 754
398 563
398 777
398 555
398 607
398 640
398 702
398 898
398 929
398 690
398 893
398 918
399 809
399 516
399 740
399 463
399 400
399 420
399 628
399 438
399 901
399 818
400 842
400 966
400 664
400 655
400 420
400 714
400 748
400 843
400 520
400 945
401 771
401 939
401 448
401 876
401 952
401 862
401 975
401 416
401 432
401 430
401 768
402 863
402 928
402 623
402 501
402 602
402 519
402 551
402 616
403 963
403 441
403 543
403 513
403 421
404 411
404 511
404 530
404 726
404 723
405 972
405 474
405 619
405 445
405 570
405 997
405 712
405 811
405 493
405 994
405 966
405 947
405 507
405 703
406 918
406 761
406 987
406 531
406 892
406 940
406 902
406 851
406 737
407 692
407 738
407 721
407 674
407 898
407 417
407 722
407 604
407 549
407 824
407 845
407 464
408 456
408 655
408 702
408 983
408 664
408 797
408 972
409 414
409 499
409 922
409 936
409 515
409 511
409 884
409 418
409 627
409 683
409 859
409 673
409 620
409 443
410 524
410 813
410 612
410 659
411 432
411 734
411 514
411 603
411 987
411 739
411 576
411 555
411 914
411 825
411 526
411 776
411 958
412 781
412 641
412 985
412 757
412 772
412 625
412 932
412 874
412 846
412 707
412 883
412 633
412 768
413 535
413 910
413 860
413 458
413 682
413 457
413 580
413 900
413 635
413 663
413 933
413 846
413 803
413 963
414 791
414 812
414 596
414 970
414 482
414 465
414 639
414 837
415 549
415 437
415 712
415 542
415 809
415 928
415 988
416 750
416 654
416 942
416 952
416 722
416 891
416 432
416 941
417 831
417 746
417 629
417 904
417 440
417 951
417 441
417 532
417 570
417 679
417 423
417 683
417 676
417 493
417 576
418 688
418 540
418 499
418 448
418 449
418 656
418 509
418 523
418 627
418 857
418 862
418 947
418 777
419 708
419 472
419 855
419 969
419 473
419 515
419 457
419 617
420 421
420 961
420 671
420 929
420 653
420 774
420 815
420 532
420 533
420 566
421 660
421 829
421 526
421 839
421 513
421 944
421 939
421 531
421 758
422 546
422 445
422 690
422 939
422 616
422 547
422 973
422 613
422 490
423 449
423 708
423 444
423 587
423 971
423 425
423 620
423 441
423 556
423 584
423 759
423 526
423 796
423 831
423 630
423 930
424 670
424 617
424 516
424 469
424 534
424 935
425 743
425 848
425 891
425 790
425 992
425 664
426 527
426 601
426 999
426 665
426 650
426 725
426 963
426 586
426 439
426 762
427 902
427 657
427 911
427 548
427 495
427 461
427 469
428 717
428 542
428 671
428 989
428 763
428 533
428 910
428 633
428 861
428 579
429 630
429 619
429 683
429 635
429 643
429 923
429 761
429 949
429 946
429 755
429 854
429 753
429 778
429 666
429 435
430 923
430 516
430 566
430 944
430 666
430 514
430 715
430 815
430 768
431 942
431 846
431 965
431 435
431 751
431 708
431 698
432 734
432 864
432 960
432 815
432 953
432 645
432 676
432 564
432 677
432 882
433 459
433 980
433 587
433 448
433 507
433 827
434 968
434 525
434 631
434 784
434 920
434 478
434 679
434 447
434 558
434 832
434 623
434 792
435 653
435 882
435 769
435 678
435 965
435 443
435 953
436 955
436 611
436 647
436 984
437 768
437 549
437 640
437 534
437 715
437 916
437 794
437 943
437 850
437 544
437 774
438 912
438 940
438 937
438 716
438 928
438 699
438 810
438 569
438 524
438 493
438 754
438 981
438 594
439 949
439 479
439 444
439 489
439 810
439 657
439 974
439 484
439 962
439 762
440 571
440 666
440 728
440 697
440 958
440 940
441 878
441 514
441 813
441 637
441 951
441 620
441 893
441 474
441 700
441 475
441 777
441 885
441 881
441 571
441 481
442 888
442 872
442 753
442 800
442 684
442 881
442 930
442 580
442 828
442 505
442 537
442 501
442 905
442 961
442 917
442 622
443 756
443 690
443 609
443 839
443 861
443 636
443 468
443 876
443 620
444 907
444 489
444 828
444 513
444 587
444 468
444 954
444 981
444 978
444 778
444 803
444 768
444 901
444 974
445 843
445 460
445 911
445 619
445 823
445 881
445 719
445 686
445 860
446 589
446 509
446 899
446 639
446 771
446 459
446 865
447 756
447 558
447 903
447 853
447 493
447 634
447 669
447 868
448 696
448 883
448 499
448 557
448 911
448 939
448 514
448 938
448 789
448 783
449 813
449 845
449 943
449 681
449 938
449 623
450 505
450 886
450 502
450 969
450 582
450 795
450 670
450 530
451 488
451 973
451 456
451 995
451 522
451 876
451 928
451 883
451 667
451 597
451 656
452 970
452 664
452 743
452 961
452 681
452 543
452 525
452 808
452 741
452 482
452 501
452 795
452 629
452 610
452 906
452 533
453 820
453 627
453 871
453 617
453 861
453 556
453 948
453 862
453 647
454 821
454 786
454 705
454 761
454 462
454 625
454 745
454 714
454 905
454 640
454 702
454 532
454 695
454 749
454 579
454 736
454 504
454 559
454 782
455 861
455 515
455 598
455 528
455 577
455 601
455 471
456 462
456 487
456 546
456 604
456 664
456 995
456 559
456 902
456 956
456 509
456 877
457 747
457 676
457 695
457 641
457 736
457 858
457 591
457 633
457 897
457 946
457 515
457 900
457 835
458 776
458 607
458 667
458 688
458 994
458 883
458 526
458 926
458 990
458 479
458 647
458 832
458 547
458 914
458 639
458 952
458 733
458 609
458 563
459 830
459 636
459 693
459 487
459 468
459 970
459 649
459 632
459 941
459 977
460 716
460 479
460 859
460 557
460 836
461 782
461 863
461 536
461 982
461 501
461 690
461 946
461 829
461 838
461 469
462 761
462 866
462 877
462 772
462 975
462 847
462 750
462 565
462 638
462 879
462 743
462 760
462 593
463 642
463 548
463 740
463 990
463 977
463 826
463 892
463 933
463 849
463 470
463 652
463 645
463 822
463 553
464 537
464 994
464 865
465 583
465 552
465 779
465 571
465 510
465 952
465 541
465 738
466 924
466 722
466 616
466 986
466 958
466 851
466 735
466 867
466 679
466 776
466 882
466 808
466 845
467 676
467 934
467 623
467 534
467 514
467 512
467 612
467 554
467 542
467 973
468 894
468 883
468 954
468 970
468 700
468 835
468 937
468 955
468 983
468 766
468 603
468 968
468 561
468 876
468 584
468 638
469 691
469 882
469 989
469 733
470 592
470 985
470 836
470 671
470 628
470 692
470 968
470 652
470 726
470 579
470 756
470 879
471 597
471 503
471 549
471 622
471 661
471 820
471 671
471 590
471 676
471 802
471 599
471 644
471 745
471 512
472 678
472 855
472 803
472 907
472 720
472 933
472 539
472 848
473 584
473 718
473 667
473 884
473 969
473 859
473 980
473 963
473 638
474 986
474 829
474 987
474 914
474 476
474 753
474 818
474 989
474 893
474 610
474 782
474 613
474 879
475 946
475 892
475 586
475 723
475 598
475 963
475 592
475 476
475 513
475 489
476 865
476 771
476 817
476 753
476 590
476 816
476 520
476 541
476 968
476 684
476 652
476 733
476 689
477 991
477 768
477 493
477 936
477 878
477 830
477 858
478 666
478 523
478 700
478 683
478 679
478 528
478 494
478 634
478 530
478 965
478 920
478 836
478 581
478 964
479 733
479 767
479 890
479 764
479 634
479 558
479 647
479 959
479 678
480 735
480 621
480 729
480 730
480 852
480 895
480 760
480 553
480 851
481 702
481 882
481 695
481 718
481 658
481 831
481 871
481 737
481 496
481 543
481 850
481 654
481 975
481 838
481 571
482 995
482 831
482 812
482 723
482 850
482 658
482 622
482 615
483 917
483 678
483 586
483 700
483 826
483 602
483 546
483 605
483 689
483 703
483 566
484 932
484 927
484 533
484 684
484 626
484 838
484 769
484 648
484 962
484 642
484 651
484 732
485 511
485 611
485 905
485 733
485 998
486 803
486 606
486 932
486 943
487 766
487 915
487 546
487 693
487 856
487 884
487 891
488 649
488 865
488 986
488 862
488 607
488 779
488 933
488 675
488 555
488 609
488 838
488 885
488 674
489 838
489 704
489 590
489 954
489 865
489 508
489 574
489 671
490 947
490 943
490 964
490 852
490 942
490 933
490 948
490 546
490 552
490 533
491 999
491 696
491 967
491 695
491 723
491 662
491 892
491 632
491 911
491 795
491 729
491 797
491 607
491 968
491 819
491 534
491 513
492 859
492 630
492 755
492 980
493 777
493 994
493 524
493 668
493 969
493 584
493 576
493 644
494 998
494 597
494 807
494 528
495 512
495 876
495 626
495 657
495 687
496 535
496 581
496 870
496 627
496 887
496 757
496 652
496 613
496 893
496 543
497 982
497 731
497 728
497 632
497 612
497 560
497 525
497 956
498 765
498 921
498 870
498 803
498 881
498 643
499 557
499 887
499 798
499 550
499 732
499 919
499 627
499 965
499 846
500 662
500 549
500 526
500 617
500 597
500 591
500 579
500 515
500 573
500 600
501 983
501 508
501 690
501 968
501 751
501 748
501 631
501 862
501 537
502 564
502 877
502 969
502 880
502 853
502 744
503 755
503 861
503 834
503 816
503 914
503 648
503 525
503 896
503 656
504 640
504 615
504 917
504 830
504 637
504 633
504 809
504 631
504 551
504 634
504 666
504 559
505 699
505 705
505 653
505 584
506 930
506 740
506 867
506 995
506 584
506 857
506 907
506 929
506 649
506 757
506 768
506 742
506 665
507 953
507 969
507 868
507 688
507 720
507 992
507 914
507 827
507 875
507 794
507 703
507 731
507 993
508 916
508 980
508 800
508 573
508 870
508 843
508 941
508 739
508 753
509 649
509 656
509 579
509 668
509 626
509 622
509 738
509 666
509 566
509 932
509 933
509 960
509 877
510 568
510 847
510 705
510 967
510 944
510 541
510 582
510 696
510 725
510 593
510 558
510 535
510 574
510 711
511 587
511 566
511 741
511 923
511 961
511 625
511 655
511 878
511 893
511 756
511 979
511 686
512 751
512 530
512 855
512 677
512 612
512 670
512 774
512 525
512 792
512 745
513 716
513 617
513 828
513 886
513 570
513 992
513 691
513 546
513 964
513 559
513 838
513 744
513 534
513 835
513 928
514 856
514 813
514 578
514 601
515 807
515 962
515 934
515 881
515 948
515 673
515 664
515 686
515 735
515 802
515 730
515 858
516 604
516 897
516 713
516 617
516 921
516 973
516 555
516 970
517 811
517 761
517 956
518 855
518 673
518 836
518 886
518 660
518 779
518 643
518 881
518 764
518 701
518 865
518 808
518 928
518 566
518 964
519 602
519 878
519 793
519 910
519 544
519 700
519 719
520 836
520 728
520 932
520 557
520 881
520 638
520 659
520 990
520 931
520 856
520 843
520 541
521 666
521 901
521 732
521 868
521 941
521 653
522 592
522 635
522 876
522 869
522 601
522 619
522 904
523 755
523 868
523 646
523 570
523 700
523 545
524 744
524 547
524 737
524 824
524 533
524 753
524 707
525 757
525 808
525 715
525 656
525 679
525 532
525 919
525 912
526 549
526 883
526 969
526 857
526 759
526 825
526 598
526 722
526 643
526 890
527 763
528 742
528 631
528 988
528 808
528 719
528 959
528 741
528 738
528 723
529 586
529 578
529 905
529 936
530 751
530 855
530 634
530 726
530 1000
530 737
530 670
531 876
531 978
531 644
531 750
531 892
531 930
531 758
532 644
532 937
532 979
532 570
532 677
532 942
532 888
532 694
532 733
532 602
532 628
532 533
532 919
533 753
533 763
533 801
533 878
533 901
533 551
533 580
533 850
533 832
533 623
533 726
533 552
533 821
534 863
534 715
534 623
534 986
534 636
534 942
534 613
534 864
534 589
534 888
534 853
535 556
535 581
535 944
535 547
535 574
535 967
535 947
535 705
535 641
536 952
536 685
536 782
536 629
536 668
536 820
536 861
536 650
536 887
537 635
537 809
537 987
537 934
537 870
537 954
537 998
537 656
537 686
537 739
537 694
537 592
538 547
538 878
538 673
538 849
538 775
538 645
538 856
538 816
538 861
538 991
538 919
539 600
539 646
539 638
539 625
539 771
539 609
539 827
539 848
540 598
540 616
540 653
540 678
540 673
540 784
540 792
541 677
541 923
541 582
541 945
541 855
541 976
541 940
541 893
541 766
541 925
541 825
541 877
541 738
541 554
541 959
542 707
542 590
542 586
542 775
542 968
542 546
542 974
542 772
542 973
543 899
543 927
543 617
543 800
543 767
543 881
543 759
543 857
543 596
543 785
543 822
544 868
544 680
544 991
544 695
544 902
544 701
544 906
544 563
544 830
544 553
544 700
544 718
544 850
545 977
545 784
545 571
545 969
545 585
546 858
546 708
546 629
546 964
546 875
546 974
546 604
546 810
546 973
547 744
547 599
547 549
547 985
547 951
547 787
547 832
547 616
547 988
548 680
548 995
548 690
548 592
548 642
548 617
548 757
548 569
549 616
549 673
549 749
549 709
549 985
549 750
549 734
549 674
549 859
549 929
550 785
550 648
550 769
550 947
550 612
550 759
550 734
550 771
551 704
551 951
551 901
551 752
551 616
552 935
552 940
552 831
552 737
552 912
552 587
553 774
553 737
553 866
553 785
553 844
553 822
553 760
554 732
554 870
554 868
554 971
554 981
554 743
554 769
554 977
554 762
554 988
554 785
554 644
554 959
555 817
555 823
555 777
555 971
555 914
555 712
555 609
555 589
555 617
555 970
555 803
555 953
556 737
556 834
556 567
556 948
557 793
557 562
557 911
557 859
557 708
558 865
558 683
558 593
558 823
559 699
559 838
560 622
560 813
560 667
561 632
561 638
561 714
561 588
561 621
561 578
562 852
562 964
562 667
562 774
562 861
562 937
562 661
562 677
562 671
562 885
563 906
563 574
563 815
564 868
564 958
564 682
564 677
565 647
565 596
565 831
565 835
565 964
565 608
565 638
565 764
566 746
566 827
566 741
566 987
566 691
566 703
566 928
566 830
566 584
566 666
567 803
567 744
567 836
567 965
567 768
567 705
567 872
567 616
568 900
568 947
569 572
569 596
569 779
569 946
569 865
569 578
570 732
570 886
570 975
570 997
570 671
570 704
570 725
570 795
570 629
570 867
570 930
570 737
571 844
571 725
571 804
571 918
571 911
571 941
571 779
571 768
571 778
571 721
571 681
572 784
572 641
572 782
572 647
572 795
572 740
572 807
572 797
572 905
572 729
573 812
573 618
573 728
573 899
573 967
573 970
573 921
574 575
574 848
574 653
574 577
574 756
574 671
575 739
575 985
575 955
576 987
576 879
576 969
576 892
576 654
576 787
576 902
576 918
576 814
576 739
576 670
576 924
577 808
577 730
577 884
577 826
577 685
577 970
577 615
577 601
578 986
578 675
578 716
578 602
578 687
578 586
579 889
579 796
579 765
579 817
579 774
579 849
579 984
579 726
579 861
580 955
580 918
580 850
580 930
580 803
581 857
581 650
581 652
581 844
581 840
582 945
582 784
582 985
582 590
583 952
583 793
583 742
583 634
583 747
583 825
583 945
583 822
583 807
583 586
584 699
584 765
584 857
584 668
584 738
585 769
585 787
585 867
585 697
585 826
585 963
585 764
586 806
586 892
586 962
586 674
586 700
586 589
586 999
586 807
587 799
587 823
587 752
587 724
587 786
587 678
588 675
588 956
588 992
588 714
588 763
588 622
588 740
588 605
588 688
588 736
589 672
589 960
589 625
589 906
589 905
589 687
589 617
589 595
589 999
589 868
589 888
590 988
590 946
590 707
590 726
590 867
590 954
590 985
590 854
590 981
590 671
591 979
591 712
591 1000
591 597
591 637
591 969
591 833
591 867
592 660
592 690
592 717
592 694
593 636
593 657
593 874
593 915
593 881
593 705
593 850
593 777
593 642
593 968
593 760
594 801
594 764
594 712
594 873
594 829
594 615
594 815
594 854
594 760
594 669
595 982
595 695
595 789
595 906
595 797
595 606
595 999
595 757
595 902
596 881
596 969
596 661
596 970
596 997
596 636
597 951
597 817
597 980
597 667
597 618
598 723
598 616
598 878
598 725
598 876
598 922
598 838
599 706
599 925
599 850
599 757
599 672
599 644
600 805
600 870
600 783
600 646
600 966
600 865
600 693
600 951
600 722
600 813
601 676
601 969
601 858
601 662
601 729
601 718
601 834
601 619
602 661
602 922
602 751
602 635
602 716
602 826
602 628
603 983
603 666
603 661
603 667
603 987
603 939
603 757
604 967
604 897
604 664
604 935
604 865
604 611
604 668
604 642
604 895
604 896
604 722
604 810
604 625
604 916
605 719
605 779
605 780
605 899
605 891
605 659
605 741
605 689
606 612
606 1000
606 797
606 697
606 831
606 989
607 865
607 832
607 960
607 640
607 626
607 968
607 761
607 779
607 786
607 631
607 811
608 820
608 944
608 621
608 894
608 909
608 812
608 790
608 655
608 675
608 611
609 917
609 872
609 690
609 871
609 755
609 883
609 895
609 965
609 733
610 953
610 784
610 782
610 629
611 668
611 676
611 675
612 817
612 669
612 746
612 983
612 916
612 837
612 761
612 900
612 893
613 936
613 865
613 988
613 990
613 893
613 942
613 973
613 679
613 739
613 974
614 992
614 994
614 958
614 829
615 629
615 680
615 793
615 621
615 937
615 970
615 704
615 999
615 622
616 847
616 853
616 986
616 816
617 823
617 800
617 861
617 633
617 748
617 708
618 826
619 853
619 653
619 791
619 807
619 840
619 968
619 637
619 921
619 836
619 920
620 815
620 762
620 897
621 937
621 816
621 932
621 870
621 924
621 928
622 861
622 745
622 813
622 763
622 983
622 892
622 737
622 982
622 754
622 917
623 875
623 753
623 910
623 984
623 635
623 722
623 680
623 792
623 832
624 796
624 735
624 855
624 715
624 902
625 894
625 715
625 782
625 772
625 711
625 638
625 906
625 659
625 794
625 826
625 881
626 920
626 653
626 663
626 832
626 684
626 876
626 668
626 1000
626 872
626 749
627 651
627 870
627 871
627 794
627 820
627 631
627 793
627 885
628 864
628 631
628 728
628 692
628 803
628 867
628 708
629 866
629 904
629 668
629 894
629 688
629 867
629 709
630 995
630 645
630 814
630 642
630 639
630 930
631 940
631 742
631 879
631 864
631 862
631 811
632 670
632 911
632 728
632 923
632 691
632 649
633 897
633 910
634 881
634 694
634 747
634 681
634 848
634 669
634 826
635 651
635 973
635 989
635 809
635 722
635 900
636 861
636 986
636 802
636 853
637 942
637 642
637 830
637 687
637 755
637 861
637 921
638 870
638 659
638 963
639 838
639 683
639 899
639 643
639 983
639 952
639 991
639 870
639 783
639 708
640 969
640 905
640 869
641 782
641 979
641 743
641 695
641 967
641 888
641 777
641 830
641 705
642 810
642 775
642 668
642 901
642 651
642 968
642 644
643 911
643 923
643 994
643 782
643 810
643 931
643 890
644 728
644 978
644 808
644 830
644 734
644 944
644 696
645 751
645 904
645 747
645 856
645 992
645 664
645 871
645 705
645 782
646 962
646 773
646 686
646 918
646 847
646 913
647 788
647 795
647 984
647 862
647 912
647 708
648 914
649 883
649 853
649 874
649 926
649 664
650 839
650 665
650 887
651 946
651 771
651 736
651 660
651 890
651 823
651 828
652 738
652 844
652 684
652 737
653 894
653 791
653 853
653 774
653 941
653 751
653 963
653 881
654 851
654 750
654 892
654 793
654 962
654 887
654 850
654 821
654 683
654 929
655 812
655 799
655 790
656 667
656 753
656 715
656 992
656 934
657 927
657 687
657 995
657 913
657 862
657 850
657 807
657 788
658 833
658 831
659 826
659 688
659 664
659 783
659 794
659 726
660 886
660 715
660 674
661 725
661 738
661 969
661 813
661 667
661 820
661 873
662 703
662 723
662 794
663 803
663 832
663 689
663 948
663 933
664 966
664 992
664 926
664 691
664 931
664 871
664 752
664 711
665 838
665 818
665 924
665 806
665 944
665 709
665 693
665 871
665 742
666 860
666 778
667 835
667 903
667 790
667 686
667 813
667 975
667 979
667 943
667 751
667 921
668 918
668 794
668 901
668 844
668 969
668 861
668 984
668 792
668 887
668 738
668 843
668 697
669 895
669 867
669 970
669 817
669 691
670 801
670 895
670 774
670 879
671 777
671 894
671 704
671 880
671 737
671 998
671 863
671 677
671 943
672 915
672 679
672 697
672 829
672 761
672 775
672 786
673 836
673 780
673 778
673 678
673 878
673 948
673 688
673 842
673 810
673 870
674 772
674 841
674 962
674 935
674 837
674 922
674 964
674 790
674 859
674 885
674 782
675 1000
675 833
675 802
675 864
675 741
675 889
675 969
675 842
675 691
675 818
675 832
675 878
676 911
676 901
676 802
677 852
678 895
678 768
678 811
678 766
678 959
678 769
679 857
679 922
679 936
679 915
679 886
680 898
680 935
680 805
680 809
680 857
680 742
681 683
681 973
681 881
681 848
681 721
682 997
682 689
682 700
682 814
682 807
682 865
683 916
683 908
683 905
683 859
683 993
683 747
683 929
684 881
684 712
684 888
684 926
685 826
685 947
685 937
685 752
685 771
686 778
686 759
686 790
686 719
686 941
686 739
686 979
687 902
687 879
687 905
687 745
688 730
688 720
688 894
688 854
688 877
688 809
688 736
689 908
689 955
690 839
690 761
690 939
690 824
690 929
691 987
691 992
691 923
691 931
691 815
691 800
691 818
692 771
692 968
693 887
693 886
693 755
693 951
693 709
693 976
693 972
693 705
694 967
694 888
694 887
694 982
695 910
695 762
695 912
695 991
695 882
695 821
695 872
695 749
695 826
696 703
696 725
696 784
697 723
697 829
697 843
697 760
697 936
698 770
698 978
698 894
698 859
698 955
698 794
699 897
699 838
699 810
699 776
700 928
700 748
700 741
700 908
700 877
700 816
701 950
701 991
701 808
702 824
702 983
702 731
703 906
703 866
704 905
704 853
704 868
704 999
704 724
705 867
705 976
705 786
705 967
705 768
705 850
705 792
705 872
705 887
705 782
706 983
706 944
707 971
707 831
707 759
707 920
707 883
707 893
707 851
707 711
708 870
708 746
708 957
708 845
708 748
709 762
709 867
709 749
709 711
709 869
709 863
709 840
709 779
710 901
711 794
711 776
711 997
711 987
711 900
711 962
711 789
711 832
711 851
712 978
712 1000
712 811
712 873
713 872
714 938
714 746
714 745
714 932
714 885
715 778
715 768
715 740
715 923
715 964
715 815
716 900
716 768
718 813
718 952
718 729
719 949
719 764
719 944
720 928
720 805
720 941
720 737
720 916
720 815
720 835
721 762
721 738
721 836
721 982
722 934
722 795
722 732
723 915
723 930
723 846
723 812
723 738
723 888
723 965
724 840
724 739
724 743
724 902
725 886
725 967
725 993
725 878
725 737
726 882
727 815
727 956
727 958
727 882
728 936
728 885
729 911
729 797
729 730
730 884
730 791
730 904
730 858
731 971
731 875
731 874
731 982
731 797
731 842
731 812
731 815
731 741
732 850
732 846
732 839
732 765
732 901
732 977
732 946
732 867
732 869
733 989
734 812
734 818
734 799
734 944
734 750
735 807
735 867
735 802
736 980
736 858
736 853
737 824
737 834
737 866
737 916
737 871
737 831
737 880
737 892
737 819
737 758
737 785
737 899
737 851
738 851
738 822
739 838
739 933
739 765
739 984
739 952
739 753
740 768
740 774
740 910
740 807
740 900
740 932
740 850
741 805
741 908
741 851
741 889
741 815
741 955
741 865
742 752
742 793
742 797
742 932
742 816
742 843
742 812
742 926
742 993
743 858
743 902
743 769
743 980
743 879
743 990
744 886
744 910
744 973
744 803
744 825
744 796
745 767
745 757
745 960
745 929
745 813
745 798
745 987
745 905
745 753
745 770
745 939
745 789
747 971
747 905
747 928
748 775
748 780
748 921
748 991
748 751
748 970
749 833
749 810
749 841
749 867
750 789
750 991
750 814
750 786
751 922
751 762
751 891
751 777
752 954
752 903
752 937
753 853
753 804
753 929
753 770
753 854
754 901
754 987
754 927
754 861
754 868
754 795
754 981
755 946
755 861
756 800
756 829
756 786
756 879
757 796
757 985
757 887
757 983
757 962
757 865
757 850
757 939
757 902
757 768
757 971
758 828
759 917
759 920
759 780
759 774
759 857
759 812
760 774
760 993
761 819
761 937
761 837
761 956
762 912
762 815
762 891
762 977
762 911
763 892
763 850
763 947
763 976
763 957
763 789
764 890
764 872
764 913
764 881
764 944
764 963
765 839
765 921
765 933
765 817
765 925
767 864
767 881
767 812
768 811
768 778
768 973
768 933
768 803
769 845
769 838
770 792
770 888
771 817
772 832
772 858
772 922
773 809
773 922
773 928
774 910
774 849
774 853
774 780
774 815
774 911
775 810
775 920
775 849
775 786
776 882
776 979
776 958
777 854
777 939
777 799
777 888
777 792
778 780
778 978
778 831
778 920
779 879
779 947
779 840
780 934
780 877
780 899
781 921
781 892
781 891
781 946
782 919
782 787
782 810
783 870
783 965
783 904
784 849
784 790
784 920
784 893
784 1000
785 866
785 854
785 822
785 899
786 873
786 863
787 993
787 902
787 863
787 951
788 863
788 807
789 895
789 997
789 975
789 906
789 891
789 939
790 914
790 849
790 992
790 964
791 834
791 913
791 919
792 904
792 922
793 844
794 855
794 955
794 900
794 875
794 923
795 892
795 928
795 840
795 871
795 936
795 868
796 831
796 948
797 800
797 878
797 905
798 887
798 987
798 840
798 801
799 883
799 892
799 818
800 980
800 872
801 840
801 878
801 967
802 814
802 877
802 833
802 986
802 823
802 839
802 960
803 814
803 895
803 992
803 881
803 953
803 846
803 946
804 862
804 953
804 853
804 918
804 805
804 831
804 978
804 902
804 959
805 941
805 809
805 831
806 944
806 919
807 962
807 840
807 814
808 830
808 988
808 881
808 890
808 845
808 827
809 963
809 877
810 863
810 868
810 973
810 842
811 989
811 876
812 882
812 842
812 909
813 845
814 901
814 877
814 895
814 940
814 918
814 997
814 981
814 972
814 922
815 835
815 833
816 932
816 877
816 916
816 819
817 917
817 980
817 930
817 846
817 1000
817 912
818 838
818 989
818 833
819 960
820 916
821 836
821 947
821 894
822 835
822 1000
822 945
822 960
823 986
823 881
823 890
824 874
824 910
824 985
824 862
824 845
824 894
825 854
825 877
826 977
826 881
827 972
827 982
827 937
828 872
828 966
829 987
829 838
830 858
831 835
831 895
831 993
831 949
831 920
832 878
833 888
833 969
833 875
835 970
835 937
835 900
835 928
836 920
837 935
837 954
837 952
838 879
838 860
838 894
838 975
838 922
839 907
839 887
839 943
839 914
839 960
840 866
840 871
840 970
840 918
842 998
842 874
844 974
844 964
845 849
845 993
845 957
846 850
846 998
846 1000
846 874
846 942
846 896
847 879
847 992
847 858
848 891
849 933
850 947
850 979
850 963
850 932
850 862
850 859
851 882
851 856
851 858
851 883
852 871
852 942
852 964
852 904
852 895
853 930
853 1000
853 868
853 880
853 903
854 885
854 939
854 947
854 868
854 866
855 976
855 942
856 981
856 979
856 898
857 969
857 952
857 950
857 862
858 993
858 966
860 910
861 937
862 985
862 986
863 998
864 944
864 869
864 956
865 962
865 966
865 886
865 946
865 955
866 877
866 868
867 970
867 873
867 946
868 973
868 958
870 924
870 934
870 991
871 918
872 913
872 1000
872 887
872 979
873 899
874 910
874 939
876 887
876 975
877 949
878 917
879 901
879 992
880 952
881 951
881 915
881 890
881 934
881 946
881 885
881 963
882 990
882 915
883 987
883 894
883 965
883 928
884 933
885 934
887 964
887 967
887 907
888 905
888 986
888 926
891 958
891 973
891 976
892 982
892 965
892 933
892 921
893 979
893 921
893 948
893 1000
893 940
893 900
894 963
894 983
895 929
895 896
895 965
896 909
896 930
896 931
897 966
898 935
898 915
899 967
899 953
900 962
901 911
901 974
902 996
905 986
905 965
905 954
905 981
905 961
905 936
907 972
908 976
908 916
910 984
910 986
911 984
911 941
912 969
913 916
913 995
913 919
914 943
914 992
917 945
918 948
918 936
918 970
919 991
920 958
921 948
921 970
922 972
922 928
922 951
923 961
924 926
924 949
925 943
926 993
927 987
927 939
927 999
928 939
928 988
929 960
933 942
933 960
934 959
935 961
937 982
939 947
939 944
939 959
940 958
941 993
942 952
944 999
945 999
946 969
947 966
947 967
949 981
951 973
952 984
952 954
953 998
954 1000
954 967
954 981
954 998
955 985
956 958
957 975
958 988
961 984
963 967
963 979
965 982
973 989
974 982
975 989
981 997
988 990
991 992
992 994
