1000 5584
1 879
1 515
1 11
1 313
1 673
1 867
1 577
1 368
1 274
1 426
1 314
1 701
2 441
2 230
2 231
2 73
2 512
2 950
2 966
2 192
2 833
2 402
3 295
3 202
3 641
3 783
3 17
3 690
3 183
3 489
3 495
3 611
3 746
3 705
3 628
3 505
4 719
4 209
4 920
4 331
4 753
4 359
4 294
4 468
4 9
4 979
4 63
4 166
4 783
4 665
4 961
4 365
4 262
4 115
4 946
4 967
5 732
5 919
5 501
5 101
5 597
5 637
5 923
5 408
5 800
5 300
5 999
5 924
5 954
5 884
5 334
5 735
5 31
5 448
6 894
6 16
6 219
6 489
6 488
6 613
7 646
7 385
7 958
7 864
7 252
7 138
8 694
8 498
8 305
8 960
8 867
8 683
8 340
8 461
8 853
8 790
8 679
8 243
8 506
8 186
9 101
9 370
9 979
9 664
9 862
9 251
9 195
10 104
10 877
10 435
10 537
11 553
11 803
11 313
11 946
11 638
11 981
11 818
11 523
11 526
11 699
11 708
11 639
11 715
11 909
11 676
12 891
12 195
12 478
12 150
12 126
12 459
12 544
12 921
12 834
12 627
12 952
12 894
12 229
12 354
12 456
12 799
13 265
13 552
13 673
13 192
13 50
13 263
14 196
14 379
14 309
14 660
14 883
14 472
14 158
14 347
14 652
14 397
14 265
14 404
14 92
14 867
14 609
14 809
15 226
15 966
15 924
15 248
15 951
15 630
15 958
15 674
15 791
15 520
15 490
15 231
15 646
15 280
16 205
16 42
16 705
16 637
16 243
17 736
17 151
17 690
17 40
17 52
17 838
17 934
17 984
17 842
17 699
17 56
18 880
18 609
18 544
18 277
18 852
18 51
18 112
18 100
18 239
18 317
19 513
19 52
19 240
19 992
20 473
20 758
20 182
20 716
20 917
20 50
20 741
20 803
20 115
20 412
20 516
20 845
20 814
20 811
21 775
21 816
21 581
21 222
21 157
21 941
21 778
21 39
22 273
22 568
22 561
22 608
22 173
22 431
22 806
22 837
22 169
22 661
22 217
22 56
22 39
22 553
23 641
23 429
23 499
23 867
24 771
24 428
24 179
24 103
24 645
24 947
24 528
24 470
24 205
24 624
25 823
25 378
25 375
25 841
25 975
25 443
25 192
25 934
25 315
25 782
25 101
25 938
25 403
25 520
25 244
25 614
25 365
25 703
26 304
26 391
26 734
26 620
26 155
26 563
26 897
26 901
26 1000
26 614
26 37
26 818
27 665
27 907
27 943
27 53
27 609
27 347
27 341
27 265
28 997
28 699
28 210
28 509
28 79
28 863
28 300
28 198
29 698
29 573
30 225
30 77
30 204
30 670
30 847
30 425
30 724
30 941
31 481
31 862
31 500
31 159
31 123
31 717
31 718
31 99
31 448
32 123
32 448
32 565
32 244
32 89
32 514
32 853
32 259
32 445
32 262
33 264
33 719
33 365
33 391
33 106
33 913
33 212
33 425
33 580
33 617
33 86
33 712
34 864
34 229
34 222
34 924
34 245
34 524
34 501
34 67
34 453
34 230
34 250
34 42
34 881
34 842
34 972
34 225
35 118
35 293
35 412
35 978
35 909
35 766
35 832
35 596
35 994
35 903
35 659
35 176
35 560
35 465
36 239
36 158
36 475
36 833
36 220
36 318
36 893
36 569
36 316
36 732
36 726
36 615
37 140
37 734
37 928
37 468
37 463
37 651
37 119
37 291
37 566
37 179
37 818
37 708
37 739
37 263
37 675
38 74
38 660
38 950
38 839
38 668
38 883
38 209
38 252
38 974
38 964
38 752
38 1000
39 199
39 763
39 224
39 995
39 409
39 296
39 735
39 394
39 152
39 574
39 778
39 553
39 993
39 680
39 533
39 622
40 631
40 691
40 882
40 288
40 52
40 500
40 641
40 628
40 322
40 471
40 386
41 396
41 820
41 789
41 475
41 117
41 253
41 583
41 264
41 379
41 457
42 111
42 79
42 250
42 838
42 967
42 705
43 707
43 991
43 309
43 713
44 571
44 275
44 242
44 914
44 908
44 151
44 66
44 942
44 464
44 493
45 786
45 868
45 924
45 451
45 665
45 111
45 590
45 685
45 559
45 257
46 72
46 836
46 212
46 88
46 956
46 527
46 891
46 985
46 371
46 723
47 114
47 955
47 654
47 423
47 254
47 443
47 752
47 564
47 233
47 297
48 150
48 480
48 440
48 288
49 986
49 611
49 266
49 999
49 500
49 779
50 911
50 858
50 992
50 455
50 775
50 126
50 917
50 263
50 213
50 200
50 605
50 89
50 942
50 78
51 639
51 414
51 829
51 471
51 852
51 433
51 623
51 710
51 875
51 943
51 89
51 811
51 131
51 227
51 695
51 840
51 643
51 846
51 532
51 159
51 777
51 107
51 139
52 940
52 109
52 487
52 956
52 209
53 275
53 206
53 943
53 562
53 228
53 929
53 857
53 358
53 987
53 148
53 408
54 555
54 848
54 469
54 788
54 218
54 768
54 250
54 148
55 338
55 413
55 350
55 692
55 942
55 937
55 78
55 482
55 826
55 908
55 756
55 84
55 551
55 820
55 303
55 616
55 905
55 806
56 443
56 684
56 245
56 658
56 714
56 80
56 839
56 285
56 370
56 122
56 217
56 699
56 906
56 841
57 94
57 844
57 746
57 567
57 359
57 521
58 557
58 394
58 629
58 884
58 379
58 877
58 795
58 803
59 526
59 652
59 829
59 636
59 376
59 445
59 777
59 456
59 194
59 521
59 81
59 826
59 705
59 666
59 151
59 866
59 872
59 91
59 511
59 88
60 975
60 941
60 535
60 816
60 92
60 399
61 602
61 537
61 951
61 985
62 777
62 634
62 956
62 180
62 495
62 754
62 352
62 125
63 327
63 667
63 662
63 152
63 613
63 512
63 836
63 919
63 678
63 425
63 166
63 855
63 134
63 482
63 987
63 280
63 433
63 874
63 455
64 588
64 819
64 677
64 998
64 840
64 329
64 680
64 117
65 752
65 489
65 92
65 443
65 172
65 504
65 636
65 535
65 462
65 949
65 432
65 634
65 574
65 606
65 885
65 476
66 474
66 687
66 731
66 127
66 324
66 344
66 942
66 337
66 106
66 83
66 392
67 389
67 186
67 501
67 794
67 883
67 96
67 826
67 396
67 358
68 271
68 347
68 548
68 260
68 567
68 899
69 434
69 367
69 495
69 704
69 877
69 491
69 178
69 962
69 638
69 685
69 248
69 508
69 553
69 194
69 110
69 971
69 163
69 754
70 145
70 119
70 576
70 525
70 184
70 684
70 658
70 593
70 344
70 114
71 822
71 616
71 895
71 903
71 242
71 232
71 809
71 557
71 478
71 952
72 863
72 522
72 614
72 728
72 336
72 186
72 528
72 876
72 504
73 148
73 798
73 231
73 310
73 519
73 623
73 107
73 426
73 708
73 244
73 600
73 378
73 371
73 668
73 82
74 703
74 416
74 405
74 519
74 493
74 539
74 473
74 702
74 523
75 933
75 885
75 881
75 668
75 358
75 942
76 530
76 604
76 638
76 278
76 401
76 924
76 356
76 162
76 888
76 375
76 943
76 771
76 334
76 919
77 380
77 835
77 357
77 894
77 796
78 794
78 659
78 881
78 877
78 893
78 426
78 482
78 457
78 277
78 985
78 337
78 446
78 347
78 653
78 642
78 942
79 522
79 956
79 274
79 863
79 150
79 126
79 129
79 240
79 557
79 491
79 320
79 191
80 357
80 218
80 229
80 156
80 714
81 617
81 408
81 147
81 954
81 517
81 182
81 826
81 731
81 775
82 138
82 769
82 111
82 889
82 702
82 943
82 668
83 369
83 590
83 115
83 714
83 272
83 943
83 348
83 275
83 362
83 452
83 859
83 467
83 392
84 516
84 530
84 662
84 907
84 690
84 924
84 151
84 701
84 483
84 665
84 592
84 537
84 470
84 377
84 581
84 961
84 756
84 807
84 101
84 398
84 174
85 868
85 437
85 234
85 725
85 311
85 408
85 669
85 500
85 340
85 419
85 100
85 762
85 878
85 743
86 492
86 792
86 424
86 877
86 773
86 88
86 712
87 177
87 173
88 413
88 883
88 212
88 457
88 819
88 473
88 372
88 738
88 107
88 773
88 348
88 557
88 967
88 945
88 511
89 250
89 855
89 191
89 152
89 890
89 803
89 514
89 195
89 365
89 943
89 605
89 395
89 187
90 803
90 730
90 272
90 777
90 891
90 689
90 466
90 428
90 974
90 319
91 290
91 890
91 367
91 647
91 620
91 741
91 642
91 288
91 872
92 102
92 108
92 475
92 309
92 443
92 867
92 767
92 177
92 399
92 637
92 824
93 482
93 727
93 921
93 101
93 274
93 490
93 116
93 272
93 398
93 314
93 945
93 341
94 407
94 177
94 865
94 636
94 296
94 682
94 325
94 427
94 142
95 155
95 706
95 249
95 370
95 735
95 311
95 277
95 395
96 134
96 789
96 509
96 287
96 826
96 265
96 884
96 533
96 725
96 892
96 377
96 730
96 237
97 317
97 430
97 877
97 743
97 262
97 766
97 118
97 460
97 545
97 774
97 810
97 990
97 932
97 631
97 745
97 136
98 534
98 565
98 934
98 595
98 754
98 321
98 705
98 566
98 718
98 592
98 822
98 958
99 946
99 828
99 619
99 362
99 325
99 232
99 798
99 276
99 693
99 741
99 237
99 660
99 718
99 177
99 679
99 875
99 261
100 980
100 268
100 391
100 205
100 973
100 586
100 270
100 763
100 112
100 762
101 491
101 501
101 797
101 409
101 282
101 806
101 921
101 473
101 843
101 415
101 114
101 938
101 732
101 680
101 807
101 752
101 816
102 483
102 228
102 172
102 535
102 423
102 397
102 820
103 137
103 287
103 124
103 250
103 581
103 417
103 179
103 705
103 502
103 222
103 981
104 289
104 582
104 805
105 743
105 927
105 805
105 436
105 952
105 585
105 683
105 910
105 455
105 978
106 910
106 627
106 495
106 629
106 913
106 337
106 742
106 669
107 610
107 432
107 390
107 334
107 738
107 623
107 543
107 889
107 227
107 958
107 143
107 319
107 282
107 545
107 139
108 208
108 715
108 247
108 250
108 417
108 175
108 383
108 262
108 623
109 876
109 746
109 989
109 653
109 487
109 823
109 909
109 882
109 456
109 141
109 566
109 925
109 609
110 449
110 641
110 444
110 638
110 416
110 462
110 944
110 302
110 273
110 266
110 971
111 484
111 991
111 425
111 665
111 889
111 435
111 689
111 666
111 428
112 364
112 247
112 763
112 937
112 954
112 152
112 928
112 303
112 844
112 475
112 402
112 654
113 161
113 262
113 582
113 488
113 337
113 291
113 683
113 383
114 925
114 672
114 199
114 907
114 549
114 369
114 757
114 415
114 390
114 601
114 344
115 432
115 923
115 999
115 203
115 714
115 613
115 289
115 412
115 624
115 361
115 262
116 918
116 177
116 766
116 332
116 641
116 520
116 272
116 611
116 938
116 149
116 433
117 191
117 631
117 447
117 187
117 501
117 528
117 354
117 849
117 835
117 658
117 680
117 253
117 682
117 260
118 773
118 847
118 458
118 460
118 998
118 237
118 515
118 910
118 581
118 902
118 355
118 737
119 764
119 309
119 280
119 291
119 546
119 913
120 288
120 873
120 947
120 618
120 641
120 299
121 900
121 725
121 171
121 727
121 958
121 586
121 758
121 744
122 190
122 790
122 147
122 894
122 513
122 895
122 370
122 484
122 903
123 659
123 140
123 429
123 556
123 340
123 125
123 945
123 174
123 352
123 233
123 318
123 717
123 420
123 300
123 770
123 638
124 898
124 319
124 250
125 507
125 962
125 633
125 701
125 459
125 162
125 812
125 761
125 742
125 493
125 945
125 875
125 730
125 228
125 612
125 352
125 175
125 872
126 792
126 405
126 853
126 834
126 459
126 775
126 351
126 422
126 150
126 738
126 799
126 892
126 914
127 350
127 982
127 731
127 691
127 561
127 553
127 921
127 190
127 536
127 801
127 471
127 557
127 694
127 863
127 620
127 196
127 266
128 391
128 761
128 893
128 188
128 861
128 829
128 865
128 169
129 193
129 298
129 323
129 930
129 884
129 794
129 388
129 674
129 616
129 761
129 240
130 805
130 349
130 661
130 624
131 686
131 477
131 413
131 904
131 813
131 867
131 369
131 888
131 811
132 811
132 179
132 930
132 256
132 412
132 620
133 170
133 324
133 321
133 478
133 326
133 423
133 802
133 923
133 578
133 316
133 775
133 787
133 199
133 319
133 455
133 238
134 787
134 855
135 230
135 351
135 418
135 860
135 758
135 841
135 886
135 204
136 890
136 837
136 713
136 880
136 400
136 398
136 626
136 468
136 335
136 205
136 745
136 518
136 605
137 392
137 205
137 418
137 226
137 472
137 807
137 140
138 237
138 757
138 790
138 252
138 930
138 157
139 581
139 559
139 486
139 475
139 445
139 170
139 392
139 415
139 356
139 701
139 347
139 903
139 739
139 834
140 782
140 312
140 861
140 429
140 751
140 779
140 807
140 145
140 292
141 632
141 339
141 957
141 925
141 462
141 412
141 566
141 682
141 164
141 990
141 786
141 357
141 545
142 173
142 256
142 636
142 981
142 704
142 240
142 427
142 461
142 608
142 830
142 442
143 763
143 240
143 769
143 904
143 716
143 993
143 366
143 364
143 677
143 186
143 490
143 226
143 319
143 680
143 267
144 157
144 514
144 970
144 944
144 979
144 762
144 441
144 724
145 303
145 793
145 269
145 292
145 730
145 681
146 757
146 508
146 166
146 560
147 279
147 406
147 894
147 954
147 936
147 396
147 151
147 414
148 298
148 647
148 440
148 250
148 566
148 374
148 408
148 883
148 199
149 593
149 533
149 693
149 489
149 715
149 188
149 433
149 959
149 434
150 395
150 478
150 256
150 805
150 791
150 682
151 356
151 908
151 701
151 753
151 410
151 414
151 866
151 377
151 901
152 852
152 884
152 662
152 191
152 954
152 574
153 307
153 988
153 588
153 621
153 771
153 717
153 351
153 535
153 743
153 542
154 270
154 246
154 553
154 349
154 934
154 880
155 961
155 563
155 808
155 582
155 998
155 594
156 438
156 249
156 229
157 211
157 630
157 190
157 938
157 197
157 474
157 265
157 728
157 403
157 383
157 215
157 930
157 941
157 228
157 864
157 185
157 528
158 446
158 347
158 819
158 626
158 742
158 280
158 697
158 229
159 903
159 872
159 500
159 963
159 1000
159 777
160 494
160 171
161 833
161 907
161 772
161 598
161 457
162 368
162 898
162 459
162 172
162 226
162 315
162 549
162 328
162 310
162 323
162 653
162 356
162 573
162 882
162 891
162 896
163 762
163 622
163 453
163 269
163 411
163 365
163 470
163 483
163 222
163 834
163 780
163 940
163 754
164 472
164 525
164 458
164 983
164 985
164 206
164 682
165 393
165 799
165 365
165 249
165 244
165 295
165 1000
165 416
166 964
166 905
166 560
166 366
166 978
167 750
167 959
167 332
167 632
167 883
167 194
168 895
168 713
168 508
168 496
168 471
168 393
168 779
168 646
169 944
169 987
169 865
169 661
170 394
170 445
170 571
170 853
170 968
170 479
171 554
171 468
171 911
171 710
171 491
171 727
171 182
171 873
172 751
172 402
172 226
172 435
172 704
172 228
172 729
172 822
172 907
172 578
172 373
172 537
172 504
173 206
173 203
173 431
173 594
173 361
174 563
174 663
174 666
174 386
174 352
174 591
174 737
174 398
175 623
175 314
175 268
175 760
175 636
175 964
175 811
175 487
175 383
175 872
176 691
176 985
176 600
176 501
176 873
176 442
176 307
176 782
176 542
176 400
176 659
177 981
177 923
177 865
177 584
177 508
177 720
177 257
177 767
177 887
177 731
177 399
177 876
177 679
178 564
178 551
178 517
178 305
178 962
178 631
178 892
178 392
178 795
179 698
179 384
179 756
179 367
179 304
179 566
179 475
179 322
180 781
180 857
180 690
180 824
180 987
180 578
180 956
180 346
180 558
181 411
181 524
181 369
181 406
181 188
181 625
182 945
182 472
182 716
182 517
182 873
182 406
182 913
182 788
182 445
183 982
183 911
183 913
183 704
183 489
183 960
183 916
184 220
184 360
184 342
184 275
184 684
184 802
184 534
184 540
184 742
184 356
184 879
184 237
184 513
184 213
184 926
185 718
185 723
185 845
185 618
185 450
185 540
185 242
185 314
185 528
186 395
186 528
186 677
186 976
186 287
186 932
186 820
186 234
186 738
186 506
186 773
186 307
187 875
187 625
187 447
187 503
187 320
187 797
187 933
187 395
187 793
187 922
188 523
188 423
188 893
188 332
188 831
188 625
188 715
188 664
188 702
189 596
189 841
189 391
189 960
189 630
189 993
189 205
189 644
190 725
190 362
190 886
190 630
190 632
190 418
190 220
190 793
190 536
191 371
191 329
191 780
191 984
191 925
191 883
191 192
191 827
191 866
191 320
192 784
192 466
192 673
192 934
192 997
192 463
192 744
192 633
192 871
192 340
192 883
192 966
193 878
193 633
193 389
194 695
194 852
194 277
194 795
194 496
194 833
194 521
194 883
194 553
195 348
195 809
195 382
195 418
195 945
195 365
195 796
195 955
195 600
195 826
195 251
195 570
195 305
195 824
195 619
196 674
196 854
196 391
196 815
196 772
196 266
197 346
197 365
197 938
197 998
197 230
197 386
197 404
197 281
197 283
198 301
198 832
198 894
198 597
198 300
198 886
198 612
199 583
199 672
199 236
199 819
199 319
199 883
200 845
200 484
200 816
200 978
200 363
200 488
200 213
200 782
200 533
200 900
200 662
201 857
201 400
201 938
201 683
201 371
201 512
201 643
201 568
201 347
201 698
202 458
202 997
202 974
202 603
202 474
202 265
202 961
203 590
203 291
203 206
203 999
203 219
203 632
204 768
204 906
204 218
204 962
204 403
204 916
204 670
204 886
204 705
204 985
205 931
205 372
205 757
205 391
205 418
205 538
205 633
205 335
205 644
205 626
205 766
205 624
206 805
206 985
206 358
206 802
207 841
207 470
207 861
207 835
207 995
207 944
207 688
207 921
207 602
207 733
208 794
208 630
208 321
208 465
208 835
208 298
208 521
209 258
209 956
209 252
209 806
209 807
210 624
210 534
210 509
210 964
210 677
210 643
210 339
211 959
211 240
211 325
211 967
211 516
212 390
212 505
212 355
212 720
212 425
213 278
213 783
213 322
213 989
213 563
213 536
213 734
213 966
213 963
213 253
213 926
214 999
214 829
214 869
214 757
215 766
215 544
215 955
215 499
215 753
215 712
215 383
215 876
215 855
215 502
215 737
215 329
215 398
216 238
216 950
217 711
217 555
217 683
217 583
217 242
217 497
218 564
218 716
218 712
218 962
218 768
218 537
218 571
219 331
219 328
219 489
219 868
219 604
219 632
219 400
219 655
220 605
220 826
220 996
220 793
220 318
220 224
220 927
220 446
220 989
221 807
221 487
222 909
222 509
222 511
222 976
222 924
222 786
222 984
222 581
222 785
222 754
222 503
222 709
222 834
222 981
223 501
223 308
223 528
223 303
223 318
223 656
223 779
223 865
224 785
224 252
224 301
224 462
224 811
224 326
224 995
224 927
225 415
225 972
225 363
225 658
226 258
226 330
226 706
226 472
226 490
226 917
226 501
227 916
227 664
227 966
227 504
227 519
227 604
227 695
227 958
227 465
227 473
227 853
227 644
228 318
228 920
228 562
228 482
228 692
228 864
228 612
229 881
229 585
229 873
229 573
229 820
229 354
229 398
229 279
229 817
229 710
229 697
230 453
230 890
230 816
230 998
230 990
230 538
230 680
230 718
231 701
231 947
231 260
231 432
231 912
231 655
231 490
231 966
231 462
231 589
231 331
232 340
232 695
232 325
232 241
232 725
232 793
232 689
232 271
232 293
232 242
232 944
232 443
232 440
232 789
233 468
233 716
233 763
233 636
233 548
233 574
233 345
233 845
233 318
233 297
234 612
234 894
234 725
234 988
234 871
234 738
235 749
235 553
235 569
235 965
235 552
235 834
236 505
236 979
236 512
236 701
236 251
236 350
236 819
237 699
237 472
237 815
237 998
237 513
237 890
237 900
237 660
237 730
238 535
238 360
238 273
238 455
239 322
239 732
239 263
239 694
239 796
239 317
240 563
240 380
240 269
240 339
240 432
240 850
240 987
240 693
240 927
240 704
240 939
240 276
240 325
240 468
240 494
240 992
240 425
240 682
241 382
241 285
241 644
241 246
241 725
242 259
242 518
242 914
242 263
242 399
242 314
242 497
243 689
243 409
243 887
243 721
243 679
243 726
243 591
243 268
243 772
243 637
244 486
244 556
244 565
244 584
244 345
244 521
244 638
244 295
244 780
244 394
244 600
244 614
245 366
245 801
245 524
245 658
245 361
245 475
245 843
245 500
246 965
246 333
246 911
246 370
246 655
246 644
246 836
246 674
246 522
246 346
247 375
247 715
247 990
247 457
248 717
248 703
248 925
248 987
248 924
248 508
248 620
248 999
249 471
249 370
249 365
249 289
249 970
249 339
249 822
250 311
250 417
250 307
250 671
251 263
251 398
251 717
251 802
251 581
251 716
251 353
251 601
251 679
251 780
251 350
251 916
251 608
252 626
252 855
252 982
252 765
252 430
252 853
252 336
253 932
253 282
253 383
253 368
253 963
253 910
253 597
253 337
253 562
254 949
254 440
254 443
254 849
254 764
254 430
254 315
254 485
254 693
255 715
255 363
255 764
255 309
255 906
255 720
256 843
256 930
256 805
256 425
256 899
256 840
256 630
257 814
257 812
257 353
257 270
257 720
257 944
257 871
257 478
257 447
257 931
257 438
257 829
257 489
257 559
258 497
258 367
258 304
258 926
258 972
258 649
259 458
259 970
259 383
259 414
259 589
259 451
259 855
259 853
259 889
259 293
260 451
260 345
260 600
260 750
260 548
260 432
260 682
260 491
260 436
261 708
261 810
261 395
261 628
261 671
261 802
261 323
261 962
261 875
262 459
262 766
262 445
262 623
263 545
263 732
263 702
263 532
263 399
263 912
263 489
263 675
264 769
264 678
264 752
264 321
264 869
264 583
264 991
264 336
265 976
265 879
265 353
265 404
265 474
265 280
265 266
265 884
265 961
265 341
266 527
266 425
266 999
266 762
266 553
266 280
266 522
266 623
266 273
266 774
266 492
267 520
267 956
267 294
267 967
267 798
267 705
267 680
267 675
267 434
268 571
268 760
268 827
268 808
268 976
268 928
268 423
268 524
268 772
269 688
269 750
269 793
269 453
269 636
269 654
269 380
269 374
269 665
269 795
269 519
269 866
269 634
270 519
270 353
270 763
270 997
270 395
271 284
271 915
271 507
271 606
271 442
271 293
272 429
272 278
272 777
272 943
272 581
272 911
272 986
272 670
272 328
272 505
273 741
273 678
273 619
273 983
273 730
273 360
273 798
273 813
273 751
273 907
274 522
274 621
274 956
274 714
274 360
274 490
274 929
274 393
274 426
275 342
275 348
275 353
275 886
275 920
275 820
275 281
275 303
276 508
276 720
276 351
276 452
276 798
276 939
276 879
276 287
277 353
277 619
277 795
277 664
277 332
277 975
277 939
277 544
277 457
277 900
277 614
277 395
278 638
278 561
278 731
278 854
278 324
278 662
278 997
279 821
279 441
279 411
279 398
279 404
279 909
280 887
280 630
280 309
280 742
280 433
280 646
281 795
281 412
281 346
281 423
281 303
281 697
281 984
281 283
282 760
282 806
282 357
282 441
282 545
282 323
282 406
282 363
282 547
283 656
283 629
283 803
283 429
284 738
284 658
284 385
285 490
285 839
286 296
286 871
287 297
287 509
287 540
287 664
287 916
287 323
287 976
287 879
287 856
287 742
288 856
288 716
288 640
288 882
288 576
288 970
288 879
288 375
288 604
288 891
288 519
288 402
288 642
288 440
289 471
289 801
289 820
289 613
289 970
290 603
290 425
290 481
290 788
290 468
290 501
290 742
290 802
290 577
291 752
291 337
291 821
291 997
292 692
292 442
292 336
292 687
292 927
292 444
292 624
292 875
293 444
293 304
293 445
293 889
294 589
294 578
294 967
294 468
294 484
294 920
294 688
294 956
295 730
295 912
295 926
296 388
296 636
296 409
297 335
297 626
297 486
297 865
297 827
297 386
297 844
298 629
298 661
298 911
298 642
298 521
298 394
298 876
298 760
298 409
299 943
299 971
299 641
299 353
299 789
299 637
299 996
300 398
300 682
300 800
300 420
300 389
300 664
300 384
300 315
300 713
300 888
301 873
301 462
301 466
301 335
301 917
301 676
302 439
302 499
302 858
302 791
302 944
303 560
303 528
303 928
303 616
304 556
304 962
304 880
304 445
304 585
304 436
304 367
304 493
304 923
304 926
305 693
305 582
305 517
305 379
305 320
305 960
305 958
305 913
305 316
305 937
305 732
305 446
305 570
306 437
306 333
306 783
306 731
307 614
307 823
307 656
307 831
307 811
307 671
307 782
307 773
307 665
307 367
308 910
308 654
308 812
308 883
308 374
308 328
308 736
308 844
308 825
308 614
308 563
309 626
309 636
309 461
309 917
309 475
309 827
309 997
309 660
309 713
309 764
310 344
310 961
310 458
310 893
310 519
310 328
311 604
311 326
311 999
311 752
311 697
311 554
311 748
311 735
311 408
311 961
311 464
311 847
311 360
312 809
312 772
312 413
312 567
312 861
312 483
312 335
312 542
312 424
313 422
313 742
313 442
313 748
313 872
313 356
313 462
313 495
313 924
313 407
314 531
314 398
314 383
314 404
314 701
315 478
315 581
315 549
315 924
315 334
315 647
315 531
315 673
315 917
315 782
315 922
315 982
315 483
315 418
315 430
315 384
316 983
316 460
316 785
316 724
316 500
316 534
316 937
316 732
316 573
316 450
316 334
316 672
316 578
316 763
316 424
317 872
317 618
317 573
317 439
317 787
317 378
317 798
317 630
317 954
317 382
317 997
317 711
317 433
317 903
317 934
318 907
318 656
318 975
318 763
318 785
318 674
319 957
319 974
319 567
319 320
319 722
319 683
319 715
319 601
320 461
320 895
320 379
320 701
320 790
320 524
320 968
320 918
320 536
320 567
320 503
320 368
320 439
321 668
321 382
321 478
321 630
321 464
321 367
321 754
321 869
322 445
322 989
322 628
322 330
322 646
322 350
322 822
322 475
322 542
322 564
322 345
322 753
323 597
323 527
323 563
323 821
323 450
323 705
323 960
323 671
323 930
323 327
323 604
323 720
323 977
323 916
323 653
323 962
323 679
323 773
323 718
323 999
323 564
323 998
323 406
323 813
323 512
324 438
324 344
324 854
324 905
324 789
325 793
325 960
325 682
325 815
325 429
326 808
326 864
326 999
326 811
326 423
326 387
326 375
326 813
326 940
327 352
327 993
327 379
327 604
327 955
327 736
327 730
327 546
328 800
328 736
328 505
329 502
329 776
329 780
329 863
329 336
329 685
329 925
329 840
329 799
329 860
329 852
329 920
329 487
329 947
329 398
330 729
330 651
330 990
330 374
330 646
330 706
331 859
331 920
331 796
331 408
331 379
331 732
331 589
332 802
332 454
332 664
332 831
332 766
332 632
332 708
332 615
333 599
333 911
333 398
333 509
334 955
334 721
334 425
334 769
334 808
334 378
334 924
334 390
334 672
334 735
334 919
335 485
335 466
335 483
335 684
335 983
336 924
336 753
336 728
336 863
336 687
336 853
336 624
336 953
336 991
337 992
337 649
337 985
337 562
338 594
339 404
339 432
339 768
339 658
339 822
339 643
339 708
339 809
339 659
339 555
340 994
340 416
340 836
340 556
340 461
340 871
340 419
340 845
340 757
341 716
341 700
341 436
341 780
341 764
341 655
341 816
341 877
341 548
341 617
341 945
342 496
342 593
343 683
343 455
343 795
343 654
343 768
343 751
343 877
343 566
344 448
344 692
344 601
345 711
345 584
345 845
345 953
345 651
345 753
346 870
346 423
346 484
346 954
346 347
346 685
346 883
346 780
346 791
346 913
346 522
346 816
346 462
346 558
347 697
347 609
347 685
347 903
347 446
347 407
347 594
347 698
347 745
347 722
348 749
348 666
348 415
348 727
348 728
348 557
349 520
349 891
349 815
349 553
349 970
349 571
350 582
350 692
350 426
350 861
350 428
350 900
350 418
350 684
350 822
350 605
350 708
351 407
351 557
351 799
351 452
351 422
351 602
351 649
351 535
352 418
352 716
352 690
352 597
352 499
353 745
353 886
353 789
353 879
353 601
353 943
353 485
353 456
353 513
353 969
353 930
354 853
354 924
354 849
354 526
354 448
354 831
354 956
355 359
355 728
355 720
355 737
355 899
355 618
356 685
356 729
356 509
356 872
356 399
356 576
356 701
356 879
357 426
357 665
357 645
357 835
357 441
357 545
358 996
358 875
358 942
358 802
358 396
358 640
358 750
358 987
359 399
359 753
359 858
359 432
359 808
359 555
359 521
360 670
360 714
360 847
360 917
360 479
361 810
361 482
361 907
361 796
361 624
361 475
361 649
361 854
361 594
362 606
362 677
362 619
362 886
362 452
362 809
362 751
363 944
363 949
363 390
363 488
363 658
363 547
364 549
364 366
364 776
364 455
364 730
364 446
364 727
364 575
365 904
365 411
365 391
365 961
365 703
366 408
366 978
367 824
367 497
367 647
367 815
367 938
367 464
367 890
367 706
367 430
367 585
367 665
368 544
368 383
368 479
368 733
368 577
368 439
368 483
368 869
369 966
369 888
369 406
369 757
370 657
370 655
370 679
370 501
371 569
371 512
371 378
371 593
371 697
371 723
371 941
371 756
372 650
372 560
372 757
372 473
373 942
373 605
373 537
374 644
374 475
374 665
374 990
374 576
374 901
374 566
374 883
374 921
374 474
375 975
375 841
375 879
375 888
375 387
376 702
376 602
376 445
376 955
376 995
377 906
377 762
377 815
377 637
377 470
377 901
377 892
377 785
377 669
378 784
378 663
378 749
378 808
378 798
378 667
378 597
378 544
378 639
379 945
379 993
379 877
379 732
379 457
380 914
380 483
380 384
380 647
380 609
381 844
381 963
381 487
381 742
381 468
381 438
381 969
381 652
382 809
382 997
383 485
383 521
383 479
383 860
383 970
383 768
383 919
383 683
383 404
384 655
384 608
384 756
384 483
384 757
384 589
384 405
384 919
384 744
384 590
385 434
385 849
385 503
385 658
386 969
386 917
386 666
386 567
386 570
386 779
386 999
386 404
386 471
386 844
387 985
387 889
387 795
387 539
387 991
387 726
387 755
387 876
388 550
388 854
388 987
388 674
389 509
389 633
389 664
390 759
390 949
390 567
390 517
390 601
390 885
390 456
390 682
390 639
391 938
391 644
391 854
391 960
391 749
391 894
391 392
391 579
391 413
391 768
392 640
392 461
392 647
392 415
392 451
392 867
392 795
392 579
392 694
392 918
393 402
393 842
393 710
393 471
393 929
394 694
394 986
394 744
394 825
394 780
394 560
394 676
394 438
394 620
394 735
394 876
394 575
394 817
395 860
395 854
395 628
395 710
395 898
395 997
395 595
395 928
396 904
396 936
396 983
396 619
397 601
397 929
397 652
397 421
397 775
397 972
397 511
397 820
398 570
398 440
398 400
398 509
398 471
398 679
398 697
398 408
399 414
399 576
399 876
400 672
400 912
400 731
400 598
400 610
400 613
400 707
400 976
400 717
400 542
400 999
400 648
400 844
400 713
400 655
401 561
401 692
401 924
401 842
401 522
401 595
401 949
402 654
402 519
402 833
403 923
403 817
403 848
403 675
403 916
403 728
403 819
403 633
403 520
403 972
403 776
404 811
404 807
404 633
404 909
405 511
405 416
405 812
405 454
405 540
405 546
405 919
406 583
406 913
406 582
406 493
406 805
406 587
406 524
406 942
407 594
407 491
407 899
407 924
408 923
408 973
408 680
408 796
408 697
409 854
409 797
409 707
409 806
409 978
409 842
409 760
410 453
410 842
410 753
411 812
411 441
412 952
412 978
412 462
412 862
412 933
412 620
413 904
413 567
413 662
413 437
413 889
413 683
413 768
414 589
414 776
414 683
414 711
414 917
415 599
415 855
415 421
415 793
415 503
415 666
416 663
416 572
416 836
416 1000
416 462
416 892
416 427
417 547
417 693
417 581
417 526
417 823
417 471
417 527
418 515
418 860
418 632
418 945
418 756
418 789
418 684
418 483
419 531
419 807
419 527
419 657
420 672
420 970
421 886
421 731
421 775
421 855
421 837
421 631
421 561
421 891
422 636
423 512
423 888
423 883
423 585
423 516
423 654
423 520
423 859
423 586
423 587
423 535
423 524
423 823
423 579
424 851
424 504
424 925
424 636
424 877
424 763
424 816
424 569
424 542
425 791
425 481
425 769
425 678
425 991
425 728
425 683
425 847
425 899
425 529
425 707
425 682
426 885
426 502
426 462
426 861
426 893
426 708
427 436
427 865
427 892
428 650
428 900
428 466
428 915
428 978
428 689
428 668
428 641
428 433
428 760
428 862
428 666
428 995
428 702
429 803
429 741
429 436
429 644
429 897
429 815
430 613
430 765
430 884
430 902
430 670
430 867
430 930
430 605
430 585
431 460
431 474
431 695
431 974
431 561
431 708
431 805
431 813
431 453
431 559
432 858
432 878
432 807
432 634
433 503
433 468
433 623
433 955
433 705
433 641
433 711
433 548
433 495
434 980
434 860
434 675
434 959
435 528
435 542
435 704
435 768
435 790
435 537
435 689
436 818
436 780
436 741
436 805
436 460
436 959
436 585
436 491
437 662
437 750
437 741
437 775
437 648
438 801
438 598
438 931
438 620
438 468
438 901
438 666
439 497
439 787
440 623
440 647
440 570
440 789
441 444
441 724
442 973
442 748
442 873
442 606
442 830
443 836
443 975
443 944
443 761
443 823
444 638
444 927
444 497
444 819
445 559
445 788
445 961
445 512
445 569
445 991
446 681
446 599
446 922
446 796
446 696
446 730
446 732
446 600
446 929
446 967
446 658
446 989
447 760
447 589
447 478
448 605
448 629
448 596
448 658
448 526
448 541
448 770
448 739
448 542
448 738
448 787
449 947
449 492
449 766
450 647
450 850
450 705
450 540
450 573
451 721
451 924
451 855
451 867
452 990
452 539
452 819
452 667
452 882
452 889
452 928
452 810
452 832
452 907
453 685
453 600
453 809
453 559
454 918
454 731
454 777
454 812
455 879
455 992
455 776
455 978
455 874
456 607
456 646
456 777
456 882
456 885
456 799
456 513
457 849
457 633
457 819
457 990
457 598
458 847
458 983
458 893
458 511
458 841
459 861
460 959
460 804
460 980
461 552
461 917
461 647
461 959
461 763
461 944
461 851
461 608
462 670
462 767
462 502
462 582
462 879
462 495
462 688
462 750
462 949
462 816
462 966
463 616
463 827
463 997
463 651
463 941
463 735
464 866
464 793
464 961
464 493
464 575
464 712
465 504
465 549
465 835
465 473
465 560
466 577
466 846
466 514
466 622
466 668
466 638
466 810
467 764
467 986
467 859
468 788
468 928
468 911
468 494
468 716
468 475
468 626
469 817
469 766
469 945
469 480
469 593
469 910
469 788
469 484
469 676
470 491
470 769
470 587
470 483
470 528
471 829
471 679
471 801
471 527
472 915
472 843
472 883
472 815
473 848
473 674
473 941
473 832
473 578
473 843
473 539
473 802
473 966
474 603
474 921
474 795
474 623
475 729
475 486
475 992
475 767
475 833
475 716
475 844
475 789
476 884
476 892
476 770
476 637
476 817
476 646
476 582
476 905
476 885
477 739
477 922
477 803
477 542
477 562
477 745
477 671
478 902
478 859
478 716
478 952
479 630
479 526
479 860
479 583
479 935
479 733
479 714
479 500
479 731
479 742
479 968
479 917
480 640
480 945
480 727
480 556
480 951
480 908
481 633
481 624
481 493
482 987
482 692
483 820
483 653
483 899
483 665
483 869
484 920
484 954
484 676
484 572
484 776
484 903
485 934
485 765
485 943
485 693
486 893
486 626
486 526
486 519
487 781
487 962
487 724
487 811
487 947
487 742
487 573
487 559
487 648
487 513
488 790
488 738
488 498
488 903
488 582
488 613
488 976
488 560
489 809
489 503
489 685
489 693
489 840
489 654
489 845
489 887
489 829
489 912
490 669
491 877
491 710
491 899
491 557
492 677
492 766
492 774
493 512
493 938
493 742
493 923
493 582
493 519
493 624
494 840
494 929
494 518
495 774
495 689
495 704
495 598
495 795
495 611
495 850
495 625
495 629
495 754
495 548
496 558
496 508
496 816
496 631
496 833
496 657
496 795
496 604
496 813
497 529
497 916
497 570
497 993
497 942
497 804
497 666
497 819
497 736
497 567
498 916
498 903
499 592
499 955
499 865
499 994
499 597
499 672
499 516
499 867
500 931
500 821
500 714
500 641
500 534
500 669
500 843
500 779
500 881
500 964
501 897
501 528
501 600
501 781
501 901
501 742
501 679
501 917
502 566
502 705
502 737
503 767
503 685
503 849
503 709
503 793
504 966
504 609
504 599
504 876
504 893
504 669
505 628
506 642
506 694
506 771
506 568
506 511
506 536
507 706
507 915
508 584
509 729
510 920
510 936
510 813
510 716
510 674
510 870
511 588
511 976
511 972
511 841
511 536
511 739
511 988
511 878
511 936
512 613
512 644
512 650
512 701
512 950
512 813
512 961
513 828
513 895
513 713
513 703
513 648
514 645
514 846
514 544
514 563
514 530
514 669
514 848
514 577
515 910
516 953
516 585
516 739
516 664
516 763
516 532
516 845
516 967
516 672
517 649
517 838
517 567
517 662
517 524
518 888
518 602
518 925
518 929
518 605
519 783
519 795
519 604
519 526
520 703
520 955
520 641
520 967
520 847
520 791
520 859
521 705
521 638
522 614
522 842
522 623
523 939
523 526
523 857
523 818
523 702
524 632
524 920
524 554
524 742
524 680
524 968
524 942
524 662
525 735
525 576
526 586
526 695
526 823
527 582
527 719
527 956
527 657
528 551
529 573
529 707
530 669
530 979
530 743
531 647
531 692
531 931
532 664
532 548
532 702
532 763
532 846
532 964
532 729
533 709
533 722
533 891
533 970
533 582
533 782
533 725
533 968
533 608
533 622
534 802
535 971
535 636
535 816
536 710
536 915
536 563
536 918
537 666
537 649
537 560
537 592
537 571
538 869
538 696
538 914
538 890
538 699
538 947
538 633
538 990
539 951
539 630
539 907
539 795
540 843
540 994
540 742
540 664
540 546
541 974
541 747
541 726
541 918
541 770
541 992
541 839
542 795
542 740
542 833
542 739
542 562
542 743
542 595
542 720
542 564
543 854
543 748
543 891
543 618
543 889
544 921
544 563
544 639
544 705
544 656
545 970
545 774
546 726
546 648
546 913
546 730
547 824
548 686
548 574
548 617
549 907
550 746
550 955
550 651
551 820
552 611
552 735
552 834
553 921
553 894
553 751
553 762
554 948
554 920
554 748
554 704
554 830
554 671
554 991
555 735
555 946
555 610
555 662
555 808
555 659
556 727
556 627
556 605
557 905
557 799
557 763
557 848
557 694
557 809
558 713
559 573
560 649
560 676
560 976
561 954
561 608
561 691
561 731
561 676
561 919
561 708
561 722
561 650
561 891
562 700
562 724
562 799
562 697
562 964
562 987
563 821
563 614
564 752
564 998
565 639
565 747
565 854
566 867
566 705
566 877
567 950
567 866
567 570
567 746
567 899
567 736
568 780
568 771
568 643
569 779
569 718
569 622
569 965
569 893
569 816
569 991
570 806
570 620
570 916
570 884
570 571
571 970
571 884
571 853
571 663
571 679
572 998
572 776
573 618
573 820
573 882
574 930
574 596
574 606
575 826
575 989
575 727
575 712
575 817
576 635
576 835
576 970
576 901
576 808
576 780
577 958
577 724
577 740
577 802
577 848
578 587
578 987
578 832
578 907
579 615
579 580
579 823
580 658
580 617
581 716
581 911
581 961
581 902
582 805
582 719
582 879
582 970
582 808
582 905
582 738
582 670
583 935
583 683
584 780
584 782
584 946
584 918
584 881
584 675
585 926
585 675
585 873
585 859
585 746
585 952
586 952
586 882
586 973
586 695
586 587
586 958
587 702
587 769
587 949
587 803
587 805
588 621
588 919
588 631
589 757
590 677
590 822
590 685
590 744
591 747
591 707
591 726
591 737
592 826
592 718
593 910
593 658
593 697
593 748
593 879
594 988
594 732
594 727
594 998
595 967
595 598
595 934
595 949
595 720
595 928
596 658
596 705
596 776
596 832
596 967
596 821
597 661
597 637
597 789
597 906
597 633
597 616
597 894
597 667
597 809
597 732
597 910
598 774
598 801
598 610
598 795
598 883
598 628
598 934
598 908
598 858
598 604
598 862
598 922
599 922
599 893
599 982
599 609
600 800
600 653
600 667
600 926
600 750
600 826
600 929
600 809
601 948
601 692
601 715
602 868
602 760
602 925
602 967
602 880
602 649
602 733
602 689
602 652
602 695
602 603
603 770
603 953
603 906
603 850
603 675
603 695
604 868
604 891
604 642
604 828
604 858
604 813
605 629
605 627
605 930
605 708
606 813
606 905
606 644
607 619
608 744
608 923
608 851
608 968
608 916
609 899
609 885
609 649
609 647
609 925
609 809
610 825
610 662
610 691
610 774
611 937
611 735
611 938
611 770
611 783
612 892
612 886
613 678
613 707
613 979
613 640
614 972
614 913
614 725
614 900
614 1000
615 788
615 708
615 726
616 633
616 761
617 842
618 654
618 969
618 891
618 947
618 845
618 899
619 678
619 697
619 710
619 983
619 824
620 745
620 734
620 741
620 999
620 863
621 869
622 849
622 718
622 668
622 719
622 644
623 769
623 859
623 795
624 637
624 669
624 820
624 661
624 953
624 976
624 927
624 875
625 668
625 850
625 866
625 660
625 839
625 953
626 686
626 809
626 819
626 766
627 806
627 834
627 719
627 692
628 756
628 859
628 642
628 746
628 883
628 865
628 679
629 737
629 661
629 884
629 706
629 988
629 783
629 713
630 907
630 951
630 990
630 817
630 993
630 954
630 840
631 816
631 892
631 932
631 919
631 837
632 781
632 762
633 701
633 807
633 744
633 819
634 765
634 866
635 720
636 654
636 829
636 763
636 761
636 950
636 925
636 981
636 964
637 998
637 815
637 770
637 996
637 824
638 778
638 786
638 946
638 685
638 810
638 661
638 658
638 770
639 940
639 956
639 665
639 675
639 715
639 682
640 716
640 979
640 750
641 783
642 831
642 746
642 911
642 775
642 939
642 828
642 653
643 652
643 968
643 840
644 687
644 938
644 897
644 905
644 650
644 719
644 853
645 901
645 665
645 947
646 817
646 779
647 735
648 661
648 983
648 910
648 999
648 775
649 885
649 972
649 854
650 722
651 754
651 955
651 953
652 689
652 969
653 992
653 989
653 899
653 940
653 719
653 944
653 752
654 681
654 840
654 812
654 884
654 758
654 795
655 690
655 764
655 912
656 714
656 823
656 705
657 902
657 795
658 796
658 768
658 835
658 661
658 967
659 807
659 933
660 662
660 866
661 662
661 878
662 831
662 907
662 878
662 900
662 997
663 749
663 879
663 870
663 679
664 862
664 739
664 907
664 752
664 702
665 682
665 675
665 783
666 683
666 688
666 975
666 705
666 804
666 901
666 891
666 932
667 972
667 819
667 926
668 881
668 883
668 689
669 770
669 820
669 742
669 785
669 893
670 743
670 977
670 867
670 986
670 738
671 882
671 1000
671 802
671 960
671 745
671 991
672 793
672 702
673 855
673 930
673 917
673 867
674 951
674 941
674 737
674 841
674 958
674 836
674 965
674 726
674 870
674 785
675 751
675 848
675 881
675 850
676 899
676 845
676 919
676 727
676 806
676 917
676 866
676 891
676 909
677 998
677 822
677 939
677 679
677 964
678 891
678 752
679 742
679 977
679 939
679 865
679 773
679 780
680 776
680 814
680 742
680 973
680 732
680 718
680 993
681 730
682 791
683 938
683 804
683 854
683 689
683 913
683 728
683 776
683 889
683 891
683 701
683 867
683 910
683 722
684 946
684 873
684 966
684 983
685 925
686 809
688 934
688 975
688 750
688 921
688 956
689 891
689 913
689 916
689 861
689 793
690 816
690 824
690 924
690 857
690 968
690 716
691 782
691 842
691 774
692 719
692 931
693 927
693 741
694 986
694 796
694 918
695 974
695 790
695 953
696 714
696 796
697 834
697 799
697 752
697 710
697 984
697 988
697 787
699 947
699 708
701 913
701 790
701 891
702 793
702 857
702 907
702 764
702 884
702 943
702 995
703 955
703 888
703 938
703 902
703 728
703 713
704 889
704 949
704 913
704 830
705 928
705 746
705 798
705 776
705 955
705 985
706 988
706 890
707 806
708 834
708 739
708 809
709 771
710 877
710 842
710 898
710 875
710 817
711 917
712 912
712 922
712 716
712 753
713 880
713 998
713 745
713 783
713 844
713 888
715 791
716 993
716 859
716 813
717 728
717 802
717 857
717 866
717 771
717 976
717 744
717 973
718 755
718 999
719 940
720 977
720 906
721 887
722 862
722 995
722 891
722 745
723 853
724 733
724 736
724 974
724 740
724 962
724 785
724 831
724 874
724 941
725 913
726 874
726 918
726 991
726 965
727 846
727 806
727 814
727 784
727 728
727 732
728 895
728 965
728 902
729 822
729 889
729 997
729 964
730 983
730 875
731 876
731 777
731 912
731 783
731 775
731 887
731 742
732 960
732 809
733 993
734 773
734 966
735 986
735 940
735 946
735 967
735 780
735 941
736 940
736 974
736 955
737 759
737 841
738 787
738 799
739 867
739 756
739 923
739 988
739 834
740 804
740 839
740 833
740 865
740 781
741 919
741 803
741 750
742 856
743 938
743 877
743 977
743 979
743 878
744 833
744 825
744 973
744 758
745 994
745 875
745 998
746 859
747 854
748 860
748 879
749 894
751 894
751 854
751 753
751 779
751 768
751 907
751 809
752 907
752 944
752 941
752 885
752 1000
752 816
753 981
753 854
754 996
754 785
755 801
755 876
756 815
756 789
756 923
756 941
757 962
757 874
757 964
757 790
757 869
757 845
758 779
758 841
758 884
760 868
760 862
761 897
761 950
761 952
761 800
761 812
761 823
762 979
762 781
763 848
763 937
763 959
763 877
763 874
763 975
764 849
764 800
764 930
764 884
765 984
765 934
766 948
766 978
766 909
766 945
766 784
766 772
766 790
767 992
768 832
768 846
768 794
768 919
768 790
769 859
769 904
769 968
769 998
770 783
771 943
771 872
771 918
772 978
772 790
772 907
772 815
774 819
774 781
775 958
775 939
775 787
776 972
777 956
778 847
778 923
778 902
779 925
779 940
779 999
779 865
780 967
780 883
780 808
780 940
781 901
781 819
781 865
782 842
784 814
784 945
785 896
786 984
786 990
787 963
787 806
787 953
787 988
788 883
789 997
789 906
789 905
790 953
790 853
791 858
791 913
793 922
794 846
794 883
794 833
794 877
794 884
795 803
796 863
796 907
796 894
796 955
797 830
797 896
797 1000
797 832
797 933
798 874
798 810
798 858
798 813
799 815
799 930
799 996
799 860
800 952
800 940
800 950
800 930
801 820
802 846
802 923
802 966
803 922
803 909
803 972
803 890
803 949
804 984
804 854
804 980
805 813
806 953
806 837
806 807
806 905
807 933
807 878
808 865
808 827
810 858
810 812
810 998
810 990
810 928
811 831
811 814
812 998
812 857
812 873
813 968
813 867
813 940
815 891
815 938
816 978
816 890
816 877
816 966
816 946
817 990
818 928
818 981
818 857
819 983
819 992
819 900
820 920
820 932
821 967
821 997
822 838
822 958
823 935
823 909
823 973
823 843
825 978
825 844
826 996
826 908
827 887
827 997
827 865
827 866
829 880
829 861
830 835
831 874
831 956
832 1000
832 907
833 877
833 975
833 1000
834 853
835 861
836 919
837 954
838 967
838 934
839 878
839 950
839 992
839 953
840 908
841 906
842 881
842 978
842 984
843 915
843 973
845 887
847 936
847 967
850 912
850 987
850 882
850 899
851 914
851 944
851 923
852 920
853 883
853 940
854 860
854 987
855 982
855 876
856 1000
857 866
857 968
857 873
857 907
857 929
858 908
860 909
860 980
861 942
861 916
862 933
862 922
864 958
865 994
866 891
870 917
870 879
871 903
871 944
871 988
872 918
873 966
874 964
874 877
875 994
877 881
878 966
878 920
878 936
880 962
880 967
880 934
881 933
881 964
882 889
882 899
883 888
883 940
884 902
884 907
884 911
884 954
885 941
885 946
885 938
886 921
888 939
888 938
889 997
890 914
890 900
891 985
891 896
891 932
892 914
893 965
893 982
894 952
895 903
895 965
897 901
900 915
900 992
901 935
901 972
901 985
902 923
903 994
903 934
906 953
907 911
908 951
908 934
909 972
910 983
912 926
912 977
912 980
913 995
913 958
915 978
916 960
918 946
920 966
921 989
922 964
922 982
923 981
924 999
925 927
925 987
925 957
925 940
925 984
926 929
927 976
928 976
930 996
930 969
932 993
934 991
934 964
934 958
936 970
936 981
937 953
937 942
938 946
939 975
940 986
940 956
940 950
941 943
942 993
944 970
944 995
945 967
946 967
946 966
948 978
951 985
955 995
957 976
958 964
963 1000
964 974
964 987
967 981
968 998
970 981
972 985
973 990
974 987
974 997
975 1000
977 999
977 980
979 980
