100 379
1 33
1 72
1 26
1 71
1 73
1 98
1 24
1 12
1 96
1 99
2 98
2 13
2 63
2 88
2 82
2 78
3 24
3 71
3 14
3 93
3 65
3 34
3 25
3 83
3 10
3 35
3 4
3 95
4 100
4 91
4 12
4 44
4 95
4 85
4 21
4 7
4 34
4 54
4 33
4 59
4 45
5 76
5 17
5 93
5 43
5 30
5 82
6 60
6 25
6 81
6 72
7 44
7 23
7 34
8 50
8 90
8 82
8 71
8 91
8 14
8 70
8 42
9 71
9 38
9 57
9 63
9 54
9 86
9 10
9 34
10 32
10 30
10 11
10 55
10 22
10 42
10 60
10 72
10 35
10 34
10 50
10 92
11 68
11 36
11 55
11 49
11 35
11 73
11 43
11 93
11 65
12 56
12 35
12 44
12 13
12 100
12 24
12 91
12 58
13 29
13 76
13 80
13 100
13 86
13 73
14 16
14 41
14 93
14 91
14 28
14 73
15 46
15 19
15 57
15 17
15 74
15 32
16 28
16 31
16 24
17 61
17 57
18 83
18 78
19 26
19 56
19 21
19 77
19 60
20 27
20 88
20 61
20 60
20 55
20 69
20 58
20 54
21 94
21 100
21 54
21 30
21 56
21 53
21 27
21 85
21 76
21 40
22 25
22 32
22 67
22 70
22 42
22 84
22 58
23 99
23 48
23 61
24 37
24 77
24 44
24 31
25 83
26 54
26 71
26 95
26 98
26 67
26 36
27 86
27 53
28 77
28 36
28 34
28 73
28 81
28 56
29 53
29 64
29 100
29 37
29 59
30 70
30 54
30 33
30 50
30 82
31 63
31 40
31 33
31 48
32 44
32 90
32 74
33 43
33 72
33 34
33 47
33 48
33 50
33 55
33 85
33 54
33 87
33 67
34 72
34 67
34 55
34 62
34 84
34 43
34 36
34 65
34 47
34 53
34 85
35 96
35 49
35 55
35 45
35 74
35 81
35 39
35 99
36 62
36 67
36 91
36 49
37 92
37 59
38 75
38 81
38 94
38 41
38 57
39 40
39 42
39 99
40 64
40 91
40 76
41 76
41 57
41 66
41 62
42 60
42 56
42 87
42 70
43 84
43 93
43 73
44 48
44 90
44 77
44 93
44 97
45 69
45 57
45 55
45 59
46 93
47 54
47 92
47 87
47 88
47 85
47 82
48 78
48 61
49 67
49 94
49 91
50 96
50 64
50 79
50 92
51 80
51 93
51 54
51 87
52 87
52 67
52 96
53 59
53 88
53 94
53 85
54 87
54 86
54 77
54 99
54 58
55 90
55 68
55 62
55 69
55 85
55 59
55 94
56 79
56 87
56 81
57 85
57 63
58 75
58 66
58 84
58 91
59 63
59 90
59 83
59 94
60 78
60 99
60 72
60 77
60 61
61 81
62 82
62 66
63 88
63 90
63 76
64 70
64 73
64 91
64 100
64 79
65 88
65 83
65 71
65 95
65 93
66 84
67 70
67 81
67 78
67 96
67 87
69 73
71 82
71 95
72 81
73 98
73 86
74 89
74 80
74 81
74 85
74 75
75 94
75 91
75 95
75 89
75 85
76 80
76 90
77 85
77 99
78 81
78 99
78 82
79 91
81 95
81 94
82 97
82 85
83 90
84 86
87 95
87 88
88 94
89 97
89 95
91 94
93 97
95 98
96 99
98 99
