1000 7230
1 269
1 467
1 722
1 413
1 974
1 351
1 518
1 448
1 843
1 149
1 962
1 708
2 788
2 853
2 619
2 738
2 795
2 141
2 775
2 175
2 939
2 584
2 178
2 544
2 799
2 370
2 377
2 437
3 284
3 317
3 780
3 980
3 761
3 263
3 551
3 738
3 586
3 642
3 665
3 459
3 666
3 898
3 485
3 728
3 318
3 673
3 239
3 823
3 750
3 727
4 932
4 158
4 309
4 283
4 271
4 42
4 20
4 349
4 227
4 516
4 553
4 56
5 809
5 807
5 745
5 523
5 638
5 199
5 543
5 324
5 121
5 590
5 222
5 614
5 893
5 623
6 143
6 228
6 811
6 283
6 435
6 735
6 893
6 204
6 464
6 322
6 946
6 667
7 652
7 232
7 205
7 513
7 89
7 43
7 477
7 672
7 843
7 194
7 898
7 108
7 141
7 53
8 496
8 219
8 261
8 180
8 94
8 984
8 649
8 815
8 303
8 867
8 304
8 940
8 242
8 398
8 210
8 89
8 413
8 260
9 69
9 642
9 687
9 757
9 284
9 411
9 704
9 892
10 830
10 678
10 100
10 210
10 517
10 906
10 147
10 981
10 893
10 971
10 508
10 995
10 838
10 146
10 391
10 434
10 680
10 490
11 486
11 670
11 538
11 595
11 157
11 781
11 696
11 915
12 657
12 989
12 254
12 466
12 187
12 50
12 713
12 334
12 658
12 78
12 646
12 482
12 283
12 398
12 218
12 292
12 112
12 207
13 281
13 767
13 662
13 178
13 912
13 501
13 309
13 380
14 767
14 184
14 604
14 765
14 817
14 743
14 845
14 822
14 592
14 563
14 449
14 644
14 279
14 313
14 830
14 702
15 694
15 690
15 537
15 130
15 636
15 389
15 194
15 128
15 861
15 573
15 907
15 952
15 494
15 950
15 730
15 507
16 30
16 687
16 217
16 85
16 735
16 202
16 199
16 141
16 990
16 52
16 713
16 542
16 538
16 551
16 491
16 868
16 858
16 206
16 332
16 389
17 418
17 427
17 590
17 842
17 370
17 30
17 819
17 119
17 795
17 868
17 80
17 654
17 249
17 779
17 53
17 360
17 878
17 818
17 54
17 759
17 866
17 61
17 609
17 438
18 904
18 416
18 483
18 861
18 417
18 449
18 314
18 164
18 89
18 542
18 200
18 755
18 265
18 824
18 86
18 158
19 951
19 743
19 68
19 667
19 534
19 713
19 273
19 315
20 841
20 310
20 638
20 333
20 655
20 931
20 349
20 720
20 230
20 128
20 950
20 560
20 30
21 163
21 647
21 929
21 967
21 373
21 424
21 527
21 600
22 221
22 619
22 917
22 268
22 249
22 274
22 187
22 238
22 436
22 668
22 206
22 209
22 171
22 486
22 398
22 680
22 232
22 316
22 861
22 137
22 199
22 625
22 400
22 982
22 686
22 847
22 275
22 793
22 723
22 340
23 36
23 600
23 34
23 37
23 840
23 874
23 482
23 468
23 304
23 764
24 772
24 280
24 983
24 879
24 727
24 710
24 481
24 157
24 366
24 72
24 934
24 57
24 856
24 79
24 73
24 408
25 415
25 782
25 267
25 818
25 357
25 915
25 645
25 452
25 849
25 793
25 516
25 304
26 747
26 831
26 316
26 145
26 977
26 645
26 171
26 787
26 538
26 794
26 941
26 425
26 818
26 95
26 263
26 832
26 59
26 899
27 483
27 509
27 471
27 269
27 170
27 943
27 840
27 963
27 183
27 450
28 543
28 991
28 263
28 41
28 255
28 858
28 410
28 78
28 109
28 223
29 780
29 579
29 654
29 194
29 613
29 71
29 417
29 170
29 573
29 629
29 693
29 223
30 559
30 370
30 485
30 179
30 393
30 953
30 176
30 475
30 41
30 234
30 560
30 743
30 326
31 938
31 745
31 659
31 237
31 139
31 49
31 501
31 755
32 42
32 911
32 56
32 529
32 407
32 388
32 812
32 781
32 165
32 898
32 400
32 305
32 322
32 67
32 259
32 888
33 975
33 888
33 286
33 618
33 963
33 226
33 493
33 805
33 162
33 852
34 698
34 73
34 37
34 52
34 952
34 60
34 549
34 314
34 166
34 632
34 939
34 553
34 133
34 901
34 284
34 953
34 458
35 256
35 308
35 378
35 541
35 479
35 167
35 202
35 101
35 812
35 599
35 551
35 465
35 872
35 865
35 748
35 416
35 381
35 793
35 314
35 994
35 827
35 412
35 697
35 287
36 318
36 924
36 192
36 730
36 193
36 831
36 976
36 228
36 406
36 295
36 929
37 440
37 748
37 625
37 606
37 654
37 802
37 184
37 245
37 268
37 836
37 442
37 370
37 956
37 303
37 287
37 141
37 123
37 199
37 754
37 786
37 286
37 458
38 519
38 294
38 293
38 574
38 515
38 769
38 65
38 510
38 695
38 729
38 287
38 166
38 809
38 723
39 917
39 496
39 196
39 184
39 224
39 978
39 450
39 283
39 238
39 646
39 198
39 581
39 425
39 934
39 385
39 269
40 360
40 900
40 343
40 296
40 657
40 312
40 889
40 890
40 756
40 469
40 561
40 641
40 507
40 663
41 149
41 581
41 263
41 290
41 654
41 75
41 103
41 930
41 537
41 543
41 720
41 685
41 620
41 564
41 71
41 647
41 172
41 234
41 299
41 529
41 676
41 479
42 541
42 271
42 475
42 942
42 712
42 901
42 305
42 330
42 786
42 756
42 143
42 664
42 316
42 300
42 666
42 834
42 848
42 621
43 925
43 769
43 114
43 456
43 89
43 675
43 707
43 367
43 784
44 771
44 218
44 276
44 593
44 830
44 443
44 931
44 318
44 203
44 500
45 520
45 176
45 657
45 267
45 278
45 152
45 707
45 419
45 831
45 676
45 882
45 716
45 649
45 216
45 77
45 968
46 584
46 209
46 51
46 829
46 984
46 968
46 280
46 761
46 846
46 618
46 601
46 510
46 454
46 611
47 158
47 160
47 970
47 766
47 992
47 450
47 197
47 628
47 913
47 381
47 832
47 139
47 720
47 261
47 493
47 384
47 329
47 455
48 860
48 731
48 582
48 944
48 368
48 716
48 633
48 863
48 362
48 152
48 951
48 440
48 51
48 891
48 677
48 219
48 853
48 332
48 492
48 452
49 905
49 342
49 260
49 995
49 215
49 846
49 613
49 57
49 64
49 722
49 234
49 294
49 139
50 667
50 405
50 465
50 234
50 187
50 334
50 125
50 600
50 873
50 426
50 215
51 794
51 77
51 829
51 524
51 431
51 891
51 879
51 343
51 267
51 750
51 511
51 956
51 834
51 855
51 348
51 90
52 454
52 168
52 952
52 104
52 423
52 426
52 842
52 490
52 98
52 990
52 559
52 932
52 210
52 158
52 95
52 122
53 758
53 352
53 349
53 742
53 389
53 881
53 342
53 399
53 761
53 477
53 835
53 958
53 898
53 412
53 160
53 814
53 360
53 957
53 407
53 141
53 102
53 69
54 492
54 957
54 436
54 933
54 871
54 777
54 843
54 175
54 546
54 603
54 870
54 488
54 993
54 478
54 842
54 129
54 759
54 373
54 545
55 386
55 503
55 958
55 932
55 898
55 81
55 633
55 612
55 201
55 862
55 392
55 204
56 804
56 694
56 529
56 597
56 537
56 823
56 134
56 974
56 484
56 391
56 763
56 828
56 596
56 553
57 394
57 917
57 803
57 599
57 905
57 432
57 577
57 582
57 812
57 833
57 934
57 613
57 389
57 363
58 359
58 448
58 217
58 375
58 490
58 962
58 252
58 825
58 927
58 946
58 268
58 611
58 653
58 737
58 605
58 562
58 504
58 357
59 150
59 444
59 642
59 330
59 707
59 974
59 899
59 224
59 126
60 687
60 567
60 429
60 632
60 731
60 624
60 592
60 348
60 295
60 746
60 404
60 758
60 679
60 61
60 549
60 274
60 377
61 213
61 195
61 226
61 598
61 812
61 247
61 679
61 190
61 216
61 624
61 833
61 866
61 549
61 372
61 778
61 762
61 953
61 522
62 722
62 182
62 527
62 82
62 982
62 680
62 286
62 83
62 949
62 126
62 528
62 472
63 732
63 522
63 730
63 947
63 457
63 389
64 498
64 637
64 546
64 294
64 455
64 235
64 297
64 747
64 781
64 199
64 722
64 406
64 427
64 817
64 998
65 774
65 753
65 208
65 472
65 72
65 996
65 510
65 862
65 126
66 828
66 553
66 206
66 72
66 83
66 679
66 472
66 557
66 437
66 75
66 78
66 520
66 239
66 108
66 222
66 762
66 640
66 87
66 860
66 779
67 782
67 673
67 475
67 835
67 817
67 233
67 926
67 443
67 465
67 643
67 390
67 481
67 322
68 843
68 146
68 667
68 320
68 409
68 361
68 106
68 76
68 360
68 469
68 386
68 119
68 911
68 539
68 732
68 773
68 602
69 141
69 972
69 908
69 954
69 399
69 421
69 140
69 102
70 691
70 719
70 574
70 195
70 107
70 431
70 895
70 838
71 619
71 402
71 884
71 455
71 564
71 409
71 557
71 661
71 109
71 936
71 413
71 613
72 160
72 913
72 133
72 98
72 996
72 213
72 537
72 509
72 677
72 206
72 988
72 263
72 463
72 850
72 366
72 993
72 79
72 418
72 236
72 298
72 455
73 436
73 192
73 175
73 972
73 994
73 276
73 449
73 935
73 607
73 228
73 807
73 408
73 347
73 305
74 690
74 299
74 565
74 595
74 201
74 548
74 705
74 500
74 199
74 786
74 925
74 437
74 580
74 817
74 443
74 680
74 247
74 916
75 301
75 196
75 437
75 628
75 583
75 653
75 500
75 103
75 537
75 867
75 133
75 925
75 818
75 436
75 938
75 412
75 263
75 429
76 705
76 472
76 171
76 300
76 463
76 491
76 406
76 333
76 544
76 285
76 360
76 984
76 112
76 527
76 662
76 325
76 363
76 657
76 103
77 803
77 474
77 330
77 713
77 673
77 235
77 617
77 968
77 924
77 95
77 158
77 692
78 582
78 549
78 410
78 658
78 520
78 174
78 673
78 165
78 857
78 409
78 651
78 793
78 270
78 501
78 207
78 507
78 253
79 118
79 559
79 380
79 396
79 856
79 993
79 292
79 90
80 800
80 92
80 288
80 375
80 654
80 850
80 413
80 450
80 522
80 358
80 942
80 673
80 510
80 745
80 842
81 86
81 335
81 229
81 559
81 260
81 224
81 299
81 655
81 898
81 315
81 308
81 332
81 92
81 794
81 409
81 225
81 830
81 977
81 773
82 567
82 693
82 527
82 962
82 680
82 235
82 926
82 234
82 777
82 521
82 925
83 672
83 508
83 898
83 464
83 376
83 776
83 679
83 592
83 728
83 286
83 395
83 993
84 880
84 663
84 292
84 458
84 325
84 462
84 309
84 552
84 403
84 502
85 833
85 698
85 217
85 317
85 497
86 365
86 416
86 285
86 277
86 697
86 588
86 811
86 306
86 986
86 253
86 570
86 928
86 541
86 963
86 700
86 735
86 640
86 158
87 984
87 813
87 577
87 919
87 515
87 266
87 640
88 549
88 930
88 1000
88 518
88 747
88 503
88 121
88 889
88 998
88 943
88 193
88 450
89 671
89 276
89 517
89 929
89 376
89 505
89 106
89 725
89 868
89 530
89 542
89 432
89 386
89 576
89 809
89 210
90 336
90 319
90 683
90 694
90 417
90 595
90 452
90 374
90 348
90 292
91 401
91 811
91 589
91 280
91 990
91 228
91 826
91 818
92 847
92 898
92 222
92 734
92 378
92 332
92 545
92 757
93 560
93 596
93 826
93 446
93 720
93 229
93 909
93 232
93 756
93 975
93 992
93 210
93 509
93 287
93 599
93 434
94 198
94 695
94 151
94 824
94 962
94 396
94 984
94 953
94 355
94 856
94 857
94 272
94 619
94 749
94 732
95 707
95 551
95 388
95 327
95 931
95 826
95 843
95 723
95 924
95 122
95 818
96 562
96 441
96 260
96 823
96 532
96 138
96 454
96 203
96 809
96 713
96 636
96 279
97 852
97 269
97 276
97 350
97 464
97 383
97 920
97 931
97 489
97 251
97 216
97 294
97 551
97 128
97 989
97 433
97 983
97 846
97 751
97 448
97 622
97 410
98 362
98 386
98 494
98 497
98 133
98 109
98 265
98 490
98 779
98 590
98 655
98 147
98 456
98 606
98 378
98 654
98 542
98 925
98 396
98 274
99 190
99 113
99 506
99 604
99 165
99 167
99 957
99 914
99 160
99 231
99 981
99 932
99 399
99 406
100 196
100 385
100 210
100 832
100 249
101 666
101 349
101 148
101 975
101 842
101 619
101 202
101 105
101 466
101 337
101 672
101 210
101 896
102 201
102 192
102 933
102 412
102 974
102 460
102 770
102 570
103 480
103 844
103 914
103 131
103 712
103 548
103 905
103 180
103 344
103 508
103 657
103 748
103 689
103 377
103 858
104 883
104 666
104 145
104 777
104 423
104 484
104 953
104 360
104 787
104 328
104 926
104 613
104 248
105 881
105 455
105 286
105 666
105 466
105 204
105 714
105 109
105 251
105 458
105 854
106 862
106 837
106 361
106 725
106 603
106 258
106 306
106 855
106 926
106 285
106 914
106 442
107 463
107 862
107 431
107 605
107 673
107 566
107 815
107 299
107 446
108 533
108 462
108 787
108 112
108 716
108 665
108 574
108 409
108 866
108 871
108 239
108 202
108 229
108 898
108 130
108 938
108 464
108 453
109 332
109 536
109 456
109 300
109 265
109 631
109 642
109 985
109 439
109 251
109 980
109 449
109 367
109 509
109 661
109 223
110 708
110 314
110 730
110 686
110 342
110 414
110 717
110 792
110 384
110 124
110 801
110 514
111 864
111 208
111 843
111 278
111 359
111 857
111 299
111 158
111 294
111 361
112 992
112 908
112 787
112 484
112 710
112 254
112 860
112 912
112 538
112 943
112 152
112 984
112 207
112 451
112 289
112 138
112 241
113 505
113 903
113 627
113 515
113 446
113 601
113 438
114 915
114 636
114 456
114 180
114 174
114 420
114 203
114 434
114 663
115 702
115 343
115 455
115 339
115 729
115 642
115 655
115 663
115 196
115 511
115 360
115 170
115 174
115 576
116 287
116 425
116 364
116 755
116 169
116 865
116 799
116 327
116 550
116 926
116 525
116 909
116 244
116 843
116 641
116 559
117 876
117 393
117 880
117 321
117 709
117 940
118 184
118 611
118 638
118 665
118 149
118 344
118 350
118 537
118 465
118 735
118 387
119 208
119 933
119 561
119 516
119 499
119 238
119 144
119 754
119 819
119 436
119 884
119 359
119 325
119 879
119 757
119 911
119 494
119 867
120 644
120 934
120 566
120 164
120 776
120 598
120 739
120 558
121 227
121 130
121 325
121 897
121 590
121 520
121 442
121 889
121 747
121 589
122 980
122 316
122 291
122 863
122 346
122 343
122 601
122 593
123 288
123 869
123 260
123 150
123 159
123 246
123 199
123 553
123 650
124 273
124 996
124 353
124 941
124 771
124 322
124 529
124 144
124 444
124 490
124 503
124 435
124 384
125 197
125 498
125 334
125 883
125 841
125 501
125 811
125 866
125 135
125 576
125 282
126 278
126 849
126 977
126 821
126 978
126 907
126 189
126 939
126 882
126 621
126 862
126 949
126 608
126 660
126 224
127 137
127 295
127 472
127 781
127 664
127 734
128 784
128 374
128 194
128 551
128 997
128 556
128 978
128 458
128 144
128 225
128 950
129 272
129 602
129 911
129 160
129 696
129 594
129 842
129 897
129 952
129 703
129 857
130 843
130 781
130 513
130 537
130 644
130 455
130 995
130 448
130 835
130 772
130 938
130 551
130 516
130 377
130 694
131 345
131 156
131 914
131 1000
131 353
131 536
131 904
132 209
132 435
132 943
132 143
132 239
132 560
132 887
132 682
132 468
132 726
132 634
132 532
133 641
133 723
133 750
133 918
133 490
133 902
133 799
133 502
133 677
133 849
133 634
133 810
133 543
133 603
133 925
133 157
133 703
133 690
133 144
133 553
133 835
133 783
133 832
133 915
134 901
134 329
134 823
134 627
134 461
134 879
134 841
135 725
135 476
135 823
135 300
135 250
135 638
135 866
136 621
136 582
136 290
136 628
136 567
136 396
136 557
136 718
136 827
136 942
136 386
136 672
137 289
137 762
137 536
137 731
137 162
137 275
137 187
137 861
138 151
138 558
138 483
138 593
138 532
138 475
138 217
138 733
138 857
138 602
138 357
138 183
138 543
138 241
138 401
138 398
139 726
139 148
139 440
139 280
139 296
139 449
139 958
139 655
139 832
139 721
139 478
139 506
139 658
139 439
139 651
139 822
139 859
140 214
140 502
140 531
140 238
140 749
140 976
140 399
140 761
140 299
140 705
140 421
140 915
140 416
140 235
140 172
140 871
140 233
141 383
141 795
141 199
141 287
141 777
141 576
141 793
141 651
142 294
142 734
142 640
142 645
142 232
142 826
143 506
143 943
143 828
143 763
143 741
143 353
143 664
143 246
143 299
144 673
144 926
144 754
144 539
144 883
144 410
144 799
144 966
144 473
144 529
144 690
144 324
144 959
144 225
145 822
145 428
145 316
145 777
145 150
145 708
145 548
145 580
145 439
145 339
145 540
145 910
146 450
146 522
146 621
146 838
147 434
147 880
147 165
147 495
147 289
147 978
147 164
147 765
147 981
147 655
148 165
148 975
148 246
148 264
148 578
148 985
148 502
148 397
148 234
148 612
148 800
148 849
148 360
148 155
148 684
148 829
149 446
149 727
149 666
149 757
149 210
149 715
149 784
149 665
149 843
149 785
149 393
150 900
150 260
150 587
150 388
150 870
150 344
150 708
150 477
150 526
150 415
150 956
150 475
150 408
150 522
150 781
150 155
150 693
151 216
151 872
151 812
151 824
151 192
151 842
152 620
152 330
152 714
152 704
152 456
152 526
152 362
152 278
152 393
152 719
152 943
152 868
152 846
152 375
152 327
153 297
153 680
153 457
153 872
153 931
153 678
153 300
153 662
153 329
153 793
154 424
154 403
154 164
154 191
154 864
154 919
154 388
154 801
154 190
154 522
154 183
154 557
154 252
154 985
155 929
155 541
155 589
155 991
155 273
155 852
155 281
155 567
155 298
155 675
155 360
155 475
155 717
155 693
156 763
156 971
156 360
156 777
156 762
156 811
156 622
157 656
157 175
157 781
157 881
157 890
157 703
157 481
157 187
157 221
157 315
157 989
157 995
157 210
157 864
157 172
157 402
157 816
157 908
157 466
158 252
158 980
158 513
158 738
158 709
158 604
158 811
158 685
158 299
158 210
158 160
158 413
158 692
159 869
159 639
159 303
159 406
159 275
159 448
159 273
159 441
159 588
159 408
159 246
159 704
159 877
159 604
159 734
159 912
159 569
160 786
160 838
160 482
160 989
160 814
160 911
160 887
160 551
160 287
160 489
160 231
160 798
160 329
160 413
160 904
160 192
160 679
160 463
160 444
160 493
161 321
161 612
161 195
161 362
161 476
161 711
161 255
161 399
161 301
161 908
162 514
162 517
162 534
162 919
162 731
162 889
162 691
162 821
162 763
162 852
162 423
162 625
163 865
163 844
163 353
163 862
163 875
163 444
163 263
163 710
163 523
163 993
163 315
163 347
163 297
163 314
163 981
163 550
163 330
164 749
164 838
164 911
164 932
164 191
164 314
164 566
164 765
164 818
164 207
164 726
164 410
165 387
165 495
165 167
165 652
165 907
165 292
165 951
165 492
165 906
165 554
165 527
165 898
165 857
165 373
165 602
165 166
165 473
165 458
165 792
165 448
165 453
166 791
166 858
166 640
166 888
166 954
166 984
166 606
166 192
166 642
166 656
166 314
166 287
166 457
166 721
166 473
166 766
166 459
166 660
166 979
167 501
167 592
167 398
167 905
167 315
167 877
167 933
167 607
167 477
167 971
167 479
167 389
167 873
167 624
167 832
167 678
167 843
168 538
168 348
168 609
168 802
168 392
168 807
168 761
168 473
168 434
168 344
168 426
168 308
168 832
168 973
168 511
169 438
169 440
169 865
169 792
169 516
169 509
169 812
170 768
170 646
170 943
170 279
170 414
170 389
170 667
170 360
170 503
170 741
170 417
171 426
171 215
171 300
171 918
171 320
171 787
171 884
171 716
171 486
171 212
171 866
172 476
172 937
172 722
172 602
172 794
172 425
172 944
172 659
172 647
172 235
172 828
172 363
172 554
172 927
172 864
172 236
172 475
173 310
173 259
173 985
173 393
173 415
173 852
173 790
173 254
173 686
173 806
173 630
173 372
173 440
173 857
174 515
174 512
174 673
174 180
174 630
174 370
174 576
175 873
175 689
175 779
175 775
175 843
175 192
175 919
175 982
175 619
175 877
175 402
175 861
175 647
175 413
175 509
175 617
175 599
175 475
175 357
175 815
176 542
176 704
176 521
176 475
177 526
177 239
177 740
177 845
177 955
177 987
177 771
177 685
177 994
177 415
178 806
178 973
178 662
178 253
178 920
178 544
178 200
178 392
178 819
178 225
178 778
178 542
178 517
178 611
178 561
178 695
179 948
179 256
179 485
179 602
179 358
179 857
179 519
179 706
179 599
179 442
179 990
180 458
180 580
180 261
180 496
180 755
180 905
180 715
180 571
180 691
180 964
180 718
180 308
181 286
181 759
181 680
181 514
181 605
181 660
181 776
181 765
181 763
181 304
182 700
182 736
182 194
182 627
182 611
182 187
182 495
182 693
182 207
182 733
182 185
182 595
182 462
182 303
182 432
182 549
182 456
183 539
183 699
183 304
183 434
183 557
183 450
183 543
184 196
184 702
184 288
184 193
184 317
184 245
184 673
184 798
184 913
184 997
184 927
184 731
185 930
185 220
185 572
185 611
185 892
185 592
185 352
185 389
185 544
185 653
185 733
185 684
185 405
185 786
185 951
186 944
186 949
186 997
186 197
186 488
186 957
187 994
187 278
187 816
187 712
187 238
187 275
187 495
187 771
187 431
187 799
187 866
187 636
187 309
187 214
187 421
187 267
187 800
187 221
188 615
188 586
188 897
188 968
188 302
188 506
188 343
188 494
189 410
189 793
189 380
189 237
189 784
189 254
189 394
189 626
189 961
189 583
189 939
189 256
189 341
189 365
189 901
189 731
189 310
190 842
190 914
190 912
190 1000
190 194
190 216
190 522
190 488
190 478
190 294
190 984
191 427
191 373
191 661
191 458
191 951
191 533
191 871
191 747
191 215
191 940
191 604
191 824
191 791
191 377
192 534
192 783
192 673
192 924
192 606
192 380
192 735
192 540
192 393
192 547
192 845
192 944
192 517
192 285
192 361
192 842
192 259
192 733
192 904
193 960
193 590
193 380
193 251
193 317
193 677
193 837
193 730
193 804
193 883
193 977
193 331
193 450
194 564
194 540
194 736
194 766
194 418
194 1000
194 843
194 437
194 863
194 256
194 334
194 932
194 359
194 558
194 838
194 654
195 816
195 716
195 889
195 574
195 817
195 577
195 996
195 507
195 458
195 546
195 362
195 233
195 681
195 368
195 622
195 509
195 290
195 926
195 612
196 340
196 565
196 973
196 855
196 511
197 659
197 555
197 578
197 997
197 628
197 867
197 590
197 761
197 265
198 565
198 639
198 523
198 581
198 679
198 340
198 715
198 327
198 660
198 258
199 445
199 675
199 638
199 786
199 625
199 781
200 202
200 216
200 420
200 708
200 307
200 686
200 799
200 562
200 392
200 755
200 814
200 910
201 339
201 548
201 759
201 283
201 862
201 637
201 683
202 419
202 728
202 910
202 322
202 253
202 735
202 229
202 313
202 320
203 340
203 872
203 360
203 692
203 285
203 504
203 454
203 500
203 420
204 981
204 461
204 712
204 842
204 409
204 423
204 972
204 677
204 509
204 257
204 714
204 883
204 787
204 893
204 297
204 295
204 208
204 586
204 392
205 346
205 489
205 513
205 856
205 246
205 279
205 887
206 668
206 706
206 429
206 308
206 710
206 535
206 209
206 414
206 990
206 858
207 311
207 914
207 475
207 609
207 461
207 773
207 693
207 881
207 550
207 918
207 377
207 501
207 818
208 472
208 218
208 666
208 586
209 772
209 558
209 694
209 842
209 450
209 779
210 592
210 382
210 862
210 336
210 757
210 625
210 854
210 992
210 977
210 975
210 995
210 896
211 740
211 728
211 495
211 460
211 851
211 494
212 733
212 543
212 398
212 225
212 257
212 851
212 866
212 863
212 953
212 263
212 834
212 548
212 755
213 605
213 396
213 337
213 537
213 464
213 855
213 858
213 361
214 392
214 421
214 237
214 947
214 605
214 749
215 344
215 995
215 883
215 846
215 429
215 494
215 940
215 881
215 753
215 426
215 492
215 919
215 582
215 366
216 294
216 301
216 586
216 649
217 323
217 371
217 585
217 392
217 375
217 967
217 919
217 692
217 852
217 229
217 252
217 475
217 813
217 839
217 774
217 433
217 548
217 302
218 597
218 292
218 666
219 391
219 563
219 940
219 677
219 962
219 917
219 524
219 407
219 617
219 540
219 576
219 946
219 689
219 411
220 661
220 909
220 681
220 509
220 235
221 812
221 671
221 741
221 943
221 312
221 486
221 598
221 673
221 285
221 616
221 861
222 689
222 494
222 466
222 846
222 898
222 614
222 762
223 606
223 674
223 435
223 337
223 746
223 251
223 683
223 514
223 693
224 413
224 766
224 260
224 978
224 972
224 362
224 482
224 802
224 953
224 640
225 320
225 808
225 540
225 297
225 398
225 819
225 830
225 760
225 681
225 939
225 324
225 903
225 373
226 650
226 967
226 854
226 546
226 598
226 963
226 330
226 809
226 819
226 935
227 382
227 942
227 931
227 722
227 948
227 855
227 808
227 516
228 229
228 990
228 806
228 333
228 455
228 671
228 406
228 807
228 965
228 649
229 839
229 559
229 720
229 252
229 365
229 684
229 992
229 244
230 961
230 552
230 492
230 895
230 351
230 240
230 273
230 445
230 778
230 506
230 720
230 509
230 606
230 551
230 250
230 893
230 269
231 502
231 987
231 442
231 505
231 938
231 745
231 511
231 324
231 981
231 413
232 355
232 626
232 712
232 909
232 826
232 916
232 974
232 316
232 376
232 649
232 276
232 781
232 612
232 301
233 803
233 301
233 817
233 802
233 935
233 681
233 949
233 566
233 871
234 253
234 705
234 931
234 864
234 465
234 612
234 777
234 294
235 647
235 923
235 839
235 590
235 320
235 811
235 295
235 374
235 926
235 617
235 455
235 721
235 665
235 863
235 850
235 509
236 697
236 669
236 842
236 566
236 885
236 442
236 620
236 886
236 418
236 475
237 267
237 671
237 685
237 634
237 874
237 790
237 380
237 995
237 814
237 912
237 547
237 659
237 927
237 329
237 628
237 562
237 947
238 530
238 819
238 894
238 315
238 531
238 646
238 499
238 616
238 286
239 283
239 560
239 646
239 371
239 941
239 829
239 300
239 999
239 381
239 984
239 823
239 783
239 805
240 892
240 418
240 351
240 594
240 273
241 471
241 1000
241 383
241 246
241 737
241 337
241 848
241 628
241 614
241 280
241 373
241 534
241 510
241 827
241 394
241 425
242 570
242 755
242 308
242 749
242 584
242 652
242 412
242 949
242 398
243 968
243 531
243 354
243 878
243 463
243 500
244 351
244 634
244 734
244 608
244 922
244 511
244 476
244 956
244 843
244 992
244 360
244 285
244 830
244 313
245 754
245 571
245 865
245 601
245 740
245 927
245 371
245 485
246 512
246 936
246 264
246 383
246 497
246 958
246 856
246 299
247 249
247 683
247 942
247 275
247 812
247 338
247 544
247 916
247 985
247 890
247 625
247 971
248 431
248 422
248 491
248 814
248 671
248 732
248 613
249 646
249 274
249 779
249 832
249 387
249 394
250 943
250 756
250 368
250 963
250 841
250 412
250 638
250 557
250 517
250 551
250 601
250 509
250 850
250 652
251 903
251 920
251 380
251 746
251 489
251 409
251 836
251 881
251 997
252 550
252 921
252 825
252 980
252 715
252 454
252 743
252 978
252 382
252 666
252 985
253 475
253 739
253 307
253 920
253 322
253 570
253 519
253 485
253 507
254 490
254 812
254 298
254 608
254 466
254 784
254 860
254 790
254 944
254 779
255 753
255 525
255 866
255 514
255 858
255 399
256 334
256 341
256 790
256 690
256 935
256 407
257 878
257 431
257 516
257 286
257 593
257 376
257 871
257 776
257 509
257 851
258 971
258 272
258 593
258 520
258 603
258 471
258 765
258 660
259 842
259 524
259 462
259 733
259 470
259 730
259 888
260 844
260 841
260 823
260 585
260 647
260 567
260 508
260 995
260 943
260 754
260 413
261 369
261 809
261 464
261 671
261 457
261 892
261 974
261 620
261 720
261 921
261 552
262 677
262 818
262 910
262 521
263 696
263 928
263 761
263 444
263 664
263 299
263 988
263 897
263 362
263 834
263 429
263 513
263 785
263 832
264 296
264 348
264 436
264 789
264 488
264 834
264 613
264 352
265 748
265 701
265 986
265 622
265 768
265 810
265 824
265 761
266 632
266 907
266 515
266 336
266 327
266 344
266 802
267 736
267 657
267 818
267 726
267 981
267 750
267 563
267 565
267 800
267 276
267 647
267 625
267 902
268 510
268 770
268 917
268 611
268 836
268 722
268 757
269 471
269 869
269 308
269 545
269 630
269 309
269 450
269 385
269 383
269 281
269 575
269 473
269 893
269 763
269 345
270 909
270 891
270 793
271 504
271 901
271 388
271 854
271 642
271 789
271 673
271 503
272 527
272 869
272 619
272 552
272 545
273 963
273 305
273 308
273 852
273 441
273 445
273 315
273 594
273 503
273 570
274 856
274 791
274 646
274 444
274 653
274 765
274 377
274 526
274 778
274 396
275 920
275 302
275 942
275 946
275 426
275 448
275 711
275 755
275 621
275 648
275 793
276 746
276 593
276 350
276 290
276 664
276 909
276 587
276 815
276 582
276 449
276 781
276 647
277 601
277 478
277 697
277 474
277 973
278 967
278 644
278 988
278 314
278 386
278 474
278 539
278 355
278 843
278 531
278 724
278 960
278 501
279 535
279 514
279 559
279 706
279 757
279 953
279 772
279 702
279 414
279 374
279 748
279 887
279 424
279 537
279 636
279 313
279 937
279 364
280 877
280 589
280 781
280 373
280 440
280 614
280 676
280 544
280 761
280 598
280 649
280 526
280 696
281 574
281 567
281 952
281 477
281 383
281 697
281 688
281 907
281 614
282 790
282 971
282 630
282 705
282 579
282 640
282 576
283 535
283 309
283 450
283 466
283 519
283 759
283 408
283 435
283 317
283 964
283 811
283 398
284 522
284 411
284 700
284 570
284 844
284 805
284 777
284 662
284 756
284 391
284 888
284 910
284 901
284 500
284 587
284 518
284 395
285 509
285 931
285 319
285 492
285 504
285 416
285 437
285 663
285 673
285 544
285 926
285 625
285 725
285 360
285 361
285 374
285 440
285 949
285 778
286 319
286 666
286 452
286 397
286 919
286 612
286 618
286 516
286 616
286 553
286 434
286 484
286 895
286 987
286 432
286 338
286 603
286 458
287 540
287 772
287 379
287 698
287 343
287 734
287 295
287 509
287 489
287 453
287 871
287 697
288 437
288 804
288 596
288 702
288 375
288 347
288 541
288 786
288 741
289 435
289 791
289 783
289 438
289 839
289 978
289 401
289 513
289 836
289 681
289 451
290 934
290 984
290 664
290 672
290 736
290 628
290 910
290 799
290 542
290 545
290 654
290 574
290 959
290 509
290 856
290 597
291 786
291 712
291 863
291 364
291 890
291 550
291 718
292 918
292 943
292 458
292 951
292 967
292 475
292 948
292 947
292 300
292 610
292 579
292 798
292 942
292 544
292 851
292 721
293 637
293 651
293 574
294 925
294 310
294 546
294 524
294 389
294 361
294 984
295 865
295 744
295 839
295 769
295 816
295 680
295 617
295 374
295 746
295 734
295 297
295 929
296 729
296 343
296 569
296 309
296 449
296 910
296 874
297 665
297 848
297 367
297 540
297 816
297 326
297 412
297 344
297 504
297 844
297 747
297 347
297 495
297 500
298 993
298 713
298 815
298 540
298 608
298 660
298 369
298 566
298 387
298 675
298 548
298 917
298 305
298 653
298 455
299 413
299 738
299 517
299 655
299 705
299 446
299 664
299 782
299 815
299 529
300 727
300 676
300 368
300 543
300 456
300 823
300 667
300 609
300 542
300 615
300 860
300 506
300 610
300 999
300 662
300 316
300 878
300 605
301 668
301 856
301 759
301 843
301 586
301 908
301 996
301 761
301 955
301 308
301 612
301 713
301 950
301 315
301 845
301 836
301 359
302 384
302 838
302 801
302 991
302 543
302 506
302 878
302 806
302 548
302 345
302 969
303 542
303 449
303 463
303 991
303 546
303 932
303 441
303 361
303 406
303 391
303 494
303 867
303 956
303 853
303 354
303 432
304 546
304 692
304 520
304 834
304 320
304 700
304 481
304 510
304 434
304 940
304 516
304 761
304 746
304 764
304 763
305 717
305 338
305 880
305 999
305 308
305 474
305 978
305 400
305 613
305 505
305 330
305 499
305 357
305 653
305 371
305 934
305 908
305 403
305 347
306 402
306 368
306 711
306 860
306 986
306 855
306 480
306 927
307 838
307 679
307 739
307 686
307 932
307 472
307 687
307 995
307 367
307 987
307 996
307 776
308 630
308 429
308 749
308 315
308 866
308 542
308 968
308 679
308 869
308 955
308 832
308 718
309 651
309 396
309 569
309 402
309 518
309 552
309 433
309 535
309 636
309 450
309 410
309 340
309 380
310 925
310 755
310 322
310 781
310 406
310 942
310 910
310 874
310 379
310 656
310 516
310 713
310 545
310 731
311 643
311 990
311 507
311 432
311 720
311 774
311 770
312 344
312 366
312 407
312 787
312 649
312 813
312 943
312 657
312 451
312 963
312 783
312 778
312 709
312 672
313 928
313 614
313 570
313 842
313 646
313 333
313 905
313 325
313 858
313 782
313 364
313 505
313 509
313 392
313 320
313 830
314 583
314 988
314 571
314 927
314 353
314 610
314 981
314 994
315 893
315 318
315 393
315 737
315 877
315 894
315 803
315 832
315 332
315 542
315 993
315 989
315 845
315 402
315 892
316 684
316 411
316 675
316 601
316 805
316 597
316 419
317 370
317 670
317 806
317 964
317 497
318 767
318 364
318 570
318 710
318 386
318 946
318 931
318 617
318 684
318 673
319 370
319 725
319 492
319 535
319 953
320 964
320 409
320 918
320 811
320 695
320 404
320 700
320 525
320 998
320 563
320 481
320 916
320 548
320 634
320 985
320 780
320 840
320 347
320 727
321 954
321 725
321 671
321 643
321 721
321 880
321 624
321 572
322 470
322 539
322 582
322 941
322 537
322 486
322 933
322 517
322 771
322 755
322 501
322 429
322 464
323 832
323 426
323 805
323 477
323 350
324 377
324 442
324 561
324 736
324 855
324 416
324 543
324 939
324 511
324 959
325 927
325 504
325 462
325 905
325 569
325 602
325 897
325 359
325 776
325 694
325 363
325 589
325 489
326 810
326 491
326 668
326 708
326 816
326 878
326 384
326 826
326 662
326 630
326 752
326 743
327 797
327 469
327 624
327 984
327 799
327 388
327 681
327 863
327 336
327 785
327 951
327 715
327 375
328 474
328 944
328 758
328 829
328 555
328 990
328 613
328 588
328 590
328 790
328 926
329 501
329 986
329 881
329 586
329 568
329 793
329 824
329 631
329 455
329 927
329 798
330 533
330 642
330 474
330 586
330 736
330 809
330 550
330 848
330 532
331 714
331 429
331 802
331 680
331 977
331 808
331 467
332 813
332 542
332 896
332 907
332 616
332 878
332 969
332 456
332 457
332 850
332 853
332 696
332 598
332 389
333 896
333 529
333 646
333 638
333 907
333 654
333 406
333 806
333 665
333 701
334 873
334 605
334 500
334 995
334 713
334 582
334 525
334 832
334 665
335 629
335 644
335 945
335 962
335 851
336 493
336 862
337 374
337 659
337 396
337 435
337 737
337 551
337 904
337 979
337 432
337 672
337 717
337 973
337 557
337 612
338 918
338 544
338 923
338 518
338 603
338 694
338 989
338 762
338 803
339 391
339 455
339 446
339 590
339 349
339 944
339 667
339 481
339 510
339 369
339 439
340 505
340 565
340 679
340 410
340 723
341 573
341 724
341 342
341 935
341 894
341 806
341 595
341 644
341 353
341 413
341 910
341 776
342 471
342 399
342 503
342 564
342 414
342 935
342 755
342 715
343 548
343 752
343 564
343 346
343 347
343 458
343 897
343 815
343 698
343 879
343 919
343 657
343 608
343 375
343 494
344 870
344 412
344 454
344 643
344 428
344 909
344 426
344 350
344 802
344 990
344 360
344 508
345 814
345 565
345 515
345 765
345 902
345 969
345 763
346 735
346 648
346 843
346 934
346 892
347 630
347 426
347 492
347 545
347 903
347 379
347 413
347 964
347 709
347 861
347 458
347 541
347 727
348 451
348 609
348 592
348 897
348 991
348 912
348 392
349 479
349 742
349 428
349 966
349 677
349 898
349 726
349 763
349 944
349 588
349 509
349 689
349 410
350 600
350 715
350 803
350 366
350 477
351 977
351 681
351 664
351 621
351 890
351 974
352 946
352 510
352 679
352 841
352 587
352 821
352 772
352 389
352 667
352 627
352 613
353 608
353 417
353 844
353 941
353 1000
353 741
353 610
353 413
354 715
354 562
354 853
354 878
355 983
355 611
355 805
355 539
355 604
355 693
355 953
355 877
355 533
356 616
356 765
356 519
356 748
356 974
356 721
356 798
356 708
356 409
356 666
357 821
357 703
357 915
357 375
357 534
357 499
357 504
357 602
357 815
358 982
358 654
358 921
358 700
358 602
358 526
358 440
358 882
358 463
358 913
358 418
358 414
358 435
358 942
358 546
358 564
359 799
359 541
359 584
359 857
359 932
359 495
359 593
359 836
360 870
360 692
360 971
360 965
360 832
360 518
360 962
360 787
360 990
361 985
361 599
361 486
361 900
361 738
361 586
361 441
361 700
361 554
361 858
362 634
362 589
362 856
362 643
362 637
362 972
362 897
363 625
363 764
363 828
363 389
364 802
364 475
364 767
364 507
364 852
364 755
364 505
364 890
364 937
365 706
365 982
365 780
365 684
365 901
366 560
366 803
366 531
366 728
366 443
366 873
366 582
367 834
367 833
367 848
367 452
367 720
367 813
367 608
367 509
367 987
367 433
367 895
367 784
368 380
368 963
368 543
368 716
368 622
369 874
369 660
369 753
369 720
369 510
370 980
370 725
370 442
370 457
370 521
370 799
370 630
371 411
371 646
371 485
371 934
371 450
371 712
372 798
372 570
372 772
372 768
372 920
372 887
372 565
372 978
372 549
372 630
373 434
373 781
373 709
373 840
373 424
373 973
373 530
373 903
373 562
373 722
373 602
373 534
373 545
374 452
374 748
374 849
374 960
374 555
374 558
374 440
375 700
375 773
375 534
375 608
376 444
376 744
376 505
376 776
376 935
376 837
376 593
376 604
376 873
376 649
377 868
377 580
377 570
377 663
377 657
377 918
377 437
377 694
377 791
377 858
378 872
378 978
378 845
378 787
378 541
378 734
378 628
378 777
378 654
379 571
379 711
379 903
379 772
379 874
379 476
379 761
379 434
379 464
380 906
380 735
380 396
380 480
380 613
380 886
380 387
381 603
381 951
381 913
381 931
381 529
381 984
381 811
381 688
381 793
382 989
382 556
382 666
382 511
382 928
383 680
383 464
383 723
383 633
384 588
384 740
384 582
384 878
384 493
385 903
385 430
385 516
385 791
385 478
386 599
386 810
386 946
386 474
386 432
386 469
386 672
386 698
386 706
387 985
387 943
387 471
387 566
387 394
387 886
387 735
388 602
388 506
388 587
388 714
388 838
388 866
388 707
388 854
388 407
388 801
389 472
389 783
389 399
389 864
389 636
389 881
389 457
389 873
389 667
389 885
389 409
389 892
389 901
389 524
389 976
389 591
390 808
390 940
390 490
390 816
390 966
390 904
390 978
390 894
390 657
390 552
390 481
390 933
390 422
391 763
391 494
391 434
391 756
391 403
391 663
392 611
392 585
392 802
392 465
392 491
392 912
392 509
393 780
393 737
393 985
393 953
393 923
393 580
393 719
393 540
393 483
393 633
393 789
393 527
393 785
393 654
393 998
394 745
394 772
394 675
394 626
394 789
394 407
394 472
394 846
394 575
394 870
394 425
395 548
395 836
395 405
395 697
395 993
395 518
396 493
396 962
396 567
396 796
396 985
397 455
397 438
397 452
397 859
397 803
397 502
397 611
397 538
397 587
397 916
398 614
398 820
398 905
398 704
398 705
398 470
398 552
398 680
398 937
398 736
398 642
398 432
398 401
399 979
399 850
399 868
399 882
399 864
399 954
399 958
399 432
399 761
399 518
399 426
399 815
399 586
399 406
400 711
400 778
400 960
400 438
400 982
401 699
401 513
401 718
401 487
402 518
402 804
402 571
402 861
402 843
402 858
402 685
402 925
402 551
402 459
402 892
402 816
403 975
403 970
403 749
403 447
403 739
403 979
403 947
403 907
403 750
403 663
403 908
403 502
404 752
404 953
404 695
404 758
405 737
405 697
405 611
405 826
405 939
405 910
405 684
406 534
406 468
406 781
406 961
406 976
406 433
406 715
406 430
406 514
406 427
407 441
407 929
407 787
407 780
407 884
407 789
407 519
407 422
407 957
407 524
407 935
408 679
408 788
408 936
408 755
408 435
408 588
408 932
408 600
408 475
409 414
409 447
409 525
409 526
409 423
409 574
409 520
409 961
409 836
409 863
409 929
409 794
409 557
409 651
409 885
409 666
410 947
410 799
410 689
410 622
410 726
411 483
411 675
411 609
411 549
411 689
412 538
412 870
412 933
412 516
412 905
412 841
412 531
412 974
412 898
412 949
412 938
412 827
413 722
413 964
413 643
413 444
413 850
413 647
413 981
413 936
413 434
413 967
414 425
414 669
414 846
414 766
414 487
414 990
414 435
415 937
415 564
415 578
415 852
415 948
415 513
415 956
415 994
416 798
416 851
416 716
416 855
416 551
416 649
416 915
416 748
417 747
417 584
417 782
417 595
417 449
417 440
417 626
418 766
418 913
418 795
418 751
418 708
418 551
419 907
419 620
419 651
419 707
419 522
419 616
419 817
419 924
419 541
419 808
419 683
419 982
419 504
419 552
419 597
420 459
420 617
420 708
420 553
420 910
420 894
420 794
420 510
420 434
420 590
420 901
420 492
420 554
421 965
421 863
421 635
421 809
422 781
422 519
422 933
423 764
423 488
423 953
423 922
423 625
424 598
424 537
424 852
424 946
424 503
424 810
425 794
425 934
425 974
425 770
425 941
426 946
426 805
426 842
426 518
427 529
427 716
427 817
427 630
428 519
428 966
428 909
428 844
428 838
428 694
428 679
428 562
428 490
429 432
429 632
429 665
429 438
429 971
429 661
429 615
429 871
429 564
429 796
429 501
429 704
429 535
429 494
430 595
430 611
430 516
430 660
430 963
430 514
430 923
430 724
430 986
430 725
431 524
431 771
431 793
431 604
431 997
431 938
431 670
431 817
432 606
432 905
432 718
432 496
432 958
432 720
432 987
432 979
432 607
432 558
432 642
433 685
433 878
433 535
433 989
433 715
433 774
433 895
434 473
434 553
434 510
434 599
434 663
434 464
434 967
435 735
435 503
435 904
435 770
435 911
435 778
436 988
436 933
436 634
436 766
436 789
436 668
436 574
436 921
436 884
436 813
436 744
436 818
437 529
437 832
437 794
437 863
437 925
437 663
438 676
438 542
438 665
438 839
438 960
438 601
438 609
439 623
439 500
439 985
439 836
439 498
439 651
439 763
439 766
439 824
439 496
439 492
439 831
440 695
440 568
440 526
440 951
440 626
440 857
441 485
441 827
441 945
441 846
441 886
441 782
442 966
442 908
442 582
442 505
442 885
442 520
442 523
442 917
442 990
442 914
442 598
442 978
443 886
443 899
443 830
443 926
443 680
443 873
443 554
443 821
444 646
444 643
444 490
444 693
444 555
444 493
445 836
445 889
445 804
445 990
445 895
446 716
446 826
446 590
446 550
446 686
446 515
446 803
446 682
447 497
447 739
447 591
447 861
448 577
448 751
448 518
448 995
448 453
448 971
448 694
449 794
449 558
449 954
449 980
449 563
449 829
449 644
450 827
450 992
450 625
450 843
450 546
450 647
450 522
450 712
450 556
450 573
450 779
451 616
451 963
452 531
452 848
452 720
452 645
452 960
452 552
452 492
453 835
453 952
453 464
453 871
453 731
453 500
454 855
454 715
454 643
454 912
454 459
454 611
454 697
454 614
455 884
455 644
455 671
455 944
455 912
455 576
455 629
456 777
456 964
456 526
456 969
456 493
456 480
456 886
456 523
456 606
456 549
457 544
457 641
457 892
457 917
457 977
457 872
457 521
457 850
457 721
458 995
458 661
458 546
458 941
458 604
458 978
458 854
458 792
458 953
459 997
459 840
459 944
459 549
459 931
459 665
459 912
459 551
459 704
459 903
459 766
460 473
460 939
460 974
460 495
461 623
461 688
461 580
461 554
461 510
461 773
461 627
462 490
462 881
462 630
462 566
462 609
462 524
462 595
463 597
463 860
463 874
463 691
463 901
463 769
463 754
463 991
463 921
463 698
463 491
463 882
463 850
463 762
463 735
463 500
463 679
464 845
464 999
464 898
464 671
464 855
464 608
464 610
464 474
464 991
464 602
464 491
464 904
464 741
465 554
465 993
465 885
465 624
465 491
465 643
465 551
465 980
465 897
465 537
466 763
466 795
466 846
466 519
466 610
466 854
466 469
466 712
466 620
466 608
466 762
466 947
466 908
467 603
467 980
467 717
467 808
468 998
468 476
468 533
468 726
468 482
469 730
469 515
469 531
469 712
469 756
469 618
469 866
470 983
470 552
470 640
470 858
470 705
470 614
470 730
471 943
471 765
471 664
471 962
471 784
471 992
472 946
472 760
472 557
472 932
472 781
472 846
472 528
473 617
473 966
473 944
473 783
473 575
474 590
474 601
474 550
474 912
474 494
474 978
474 991
474 973
474 572
474 831
475 609
475 967
475 835
475 942
475 599
475 717
476 497
476 556
476 533
476 956
476 711
476 761
476 896
476 596
476 944
476 491
477 857
477 607
477 616
477 791
477 971
477 761
477 562
477 852
477 672
477 526
477 952
478 789
478 753
478 690
478 721
478 601
478 900
478 791
478 762
478 862
478 993
478 777
478 485
478 846
478 614
478 488
479 982
479 616
479 593
479 676
480 837
480 493
480 968
480 797
480 535
480 487
480 927
480 613
481 916
481 591
481 510
481 563
481 667
482 670
482 749
482 996
482 943
482 628
482 933
482 989
482 646
482 802
482 986
482 691
483 861
483 593
483 633
483 749
483 714
484 599
484 834
484 974
484 710
484 895
484 559
484 598
484 953
484 685
484 753
485 591
485 507
485 827
485 733
485 878
485 777
485 519
485 545
485 866
485 728
485 624
485 853
486 766
486 900
486 537
486 598
487 882
487 787
487 766
487 535
487 916
487 700
487 718
487 621
487 608
488 784
488 836
488 579
488 834
488 957
488 870
489 638
489 955
489 997
489 922
489 891
489 936
489 616
489 589
490 816
490 962
490 902
490 562
490 680
491 550
491 587
491 984
491 814
491 549
491 790
491 602
491 944
491 700
491 930
491 868
492 854
492 545
492 895
492 544
492 966
492 906
492 831
492 554
492 919
493 645
493 701
493 663
493 517
493 648
493 918
493 773
493 703
493 805
493 527
493 528
494 894
494 497
494 912
494 950
494 851
494 765
494 820
494 867
495 933
495 815
495 593
495 971
495 813
495 500
496 718
496 755
496 824
496 674
496 917
497 814
497 556
497 710
497 644
497 958
497 751
497 837
497 597
497 853
498 836
498 746
498 661
499 577
499 945
499 973
499 620
500 972
500 995
500 705
500 653
500 587
500 731
501 848
501 549
501 811
501 525
501 649
501 960
501 912
501 755
502 955
502 914
502 799
502 579
502 745
502 714
502 961
503 686
503 596
503 752
503 564
503 673
503 747
503 741
503 810
503 570
504 576
504 761
504 844
504 613
504 607
504 987
504 988
504 552
505 984
505 825
505 852
505 934
505 613
506 604
506 883
506 966
506 749
506 821
506 658
506 860
506 791
506 696
506 778
507 668
507 990
507 852
507 996
507 873
507 526
507 607
507 983
507 947
507 991
507 663
507 730
508 884
508 567
508 995
508 653
508 595
509 597
509 729
509 677
509 617
509 588
509 606
509 842
509 620
509 812
509 601
510 820
510 679
510 554
510 979
510 630
510 601
510 827
510 673
510 632
510 870
511 935
511 716
511 922
511 928
511 956
511 973
512 763
512 679
512 686
512 525
513 718
513 961
513 781
513 659
513 1000
513 738
513 948
513 673
513 769
513 714
513 522
513 785
514 866
514 683
514 680
514 801
515 629
515 979
515 814
515 531
515 769
515 565
516 831
516 977
516 905
516 628
516 631
516 561
516 656
516 792
516 722
516 645
516 551
517 547
517 929
517 738
517 780
517 829
517 933
517 906
517 557
517 663
517 944
517 611
518 801
518 566
518 1000
518 962
518 923
519 748
519 857
520 527
520 593
520 834
520 961
520 773
520 524
520 952
520 987
521 969
521 800
521 910
521 704
521 923
521 558
521 561
521 596
521 925
522 621
522 678
522 750
522 616
522 543
522 602
522 781
522 714
522 953
523 663
523 627
523 745
523 639
523 710
523 917
523 886
523 527
523 934
523 626
523 563
523 801
523 944
524 861
524 855
524 902
524 752
524 665
524 747
524 683
524 739
524 773
524 789
524 979
525 785
525 791
525 949
525 526
525 686
525 998
525 909
525 582
525 649
525 840
525 726
525 891
525 830
526 704
526 631
526 790
526 873
526 632
526 912
526 778
526 696
527 950
527 600
527 554
527 869
527 662
527 789
527 934
527 528
528 701
528 750
528 880
528 998
528 615
528 693
529 718
529 911
529 545
529 889
529 716
529 931
529 569
529 913
530 867
530 898
530 672
530 973
530 868
531 974
531 802
531 611
531 728
531 724
532 851
532 710
532 942
532 717
532 615
532 986
532 634
532 848
533 951
533 541
533 660
533 906
533 915
533 877
533 990
533 789
534 721
534 863
534 616
534 837
534 919
534 713
534 727
534 971
535 710
535 953
535 704
535 988
535 991
536 735
536 762
536 993
536 813
536 904
537 945
537 665
537 597
537 930
537 867
538 661
538 857
538 595
538 794
538 912
538 551
538 611
539 807
539 698
539 883
539 732
540 815
540 680
540 569
540 617
540 910
541 660
541 584
541 818
541 779
541 808
541 928
541 823
541 862
541 852
541 646
542 676
542 545
542 866
542 615
542 713
542 778
542 925
543 720
543 603
543 602
543 894
543 553
543 991
544 683
544 966
544 676
544 653
544 942
544 637
544 952
545 987
545 584
545 889
545 757
545 630
545 866
545 789
545 768
545 713
545 552
546 664
546 854
546 932
546 603
546 647
546 564
547 655
547 780
547 753
547 912
547 845
547 627
547 773
548 871
548 564
548 580
548 917
548 916
548 712
548 755
549 931
549 718
549 809
549 848
549 790
549 609
550 926
550 601
550 686
550 881
550 718
551 648
551 738
551 904
551 649
551 887
551 708
552 786
552 657
552 921
552 960
553 672
553 910
553 894
553 663
553 908
553 650
554 956
554 823
554 941
554 700
554 585
554 999
554 927
554 821
555 737
555 963
555 578
555 990
555 558
555 693
556 622
556 772
556 989
556 997
556 917
556 652
556 886
556 790
556 573
557 967
557 561
557 718
557 612
558 835
558 923
558 655
558 712
558 855
558 814
558 954
558 772
558 739
558 838
558 607
559 816
559 650
559 706
559 598
559 932
559 641
560 633
560 644
560 919
560 801
561 717
561 736
561 885
561 786
561 596
561 641
561 695
562 852
562 799
562 722
562 605
562 752
562 772
562 628
562 563
562 568
563 914
563 742
563 646
563 800
563 940
563 829
563 592
563 565
563 626
563 568
564 988
564 578
564 752
564 796
564 871
564 607
564 746
565 884
565 595
565 978
566 856
566 842
566 572
566 587
566 815
566 609
566 949
568 693
568 883
568 695
568 586
569 642
569 960
569 963
569 594
569 680
569 602
569 818
569 763
569 945
569 682
569 913
569 912
570 842
570 717
570 771
570 710
570 580
570 700
570 770
571 804
571 927
571 605
571 794
571 715
572 976
572 832
572 611
572 664
572 984
572 587
572 624
572 706
572 613
572 831
573 703
573 861
573 986
573 595
573 629
574 770
574 921
574 959
575 966
575 890
575 757
575 634
575 870
576 744
576 752
576 761
576 809
576 692
576 954
576 946
576 777
576 629
577 817
577 919
577 582
577 976
577 722
578 738
578 652
578 985
579 662
579 836
579 650
579 914
579 679
579 691
579 640
579 798
579 745
580 799
580 688
580 817
580 923
581 992
581 607
581 693
581 744
581 849
582 926
582 990
582 941
582 908
582 944
582 710
582 952
582 740
582 815
583 761
583 628
583 961
584 782
584 652
584 939
584 739
584 646
585 741
585 927
585 647
585 999
586 959
586 738
586 736
586 642
586 815
587 952
587 935
587 984
587 841
587 909
587 916
588 922
588 921
588 907
588 811
588 613
589 824
589 898
589 856
589 889
589 729
589 991
589 747
590 842
590 839
590 867
590 779
590 901
590 790
591 646
591 608
591 976
591 861
592 892
592 728
593 941
593 824
593 624
593 653
593 616
593 601
593 619
593 625
594 991
594 774
594 963
594 696
595 931
595 644
595 695
595 663
595 986
595 653
596 860
596 804
596 752
596 838
596 766
596 936
596 876
596 828
596 896
597 729
597 853
597 817
597 960
597 856
598 762
598 649
598 776
598 766
598 663
598 696
598 978
599 810
599 803
599 812
599 706
600 873
600 932
601 739
601 688
601 856
601 865
601 900
601 649
601 748
601 805
602 722
602 773
603 758
603 959
604 612
604 892
604 765
604 693
604 709
604 793
604 873
604 941
604 824
604 734
605 925
605 666
605 660
605 673
605 794
605 878
605 749
606 625
607 805
607 772
607 660
607 933
607 642
607 644
607 693
607 935
607 613
607 983
607 746
608 674
608 734
608 610
608 646
608 813
608 620
608 621
608 660
609 823
609 631
609 667
610 826
610 677
610 964
610 732
610 854
611 989
611 633
611 805
611 627
611 802
611 638
611 826
612 919
612 613
612 939
612 633
612 926
613 849
613 822
613 939
613 706
613 890
613 862
614 791
614 619
614 846
614 705
614 907
614 697
615 888
615 871
615 693
615 986
616 791
616 837
616 878
616 888
616 658
616 861
616 936
617 680
617 698
617 688
617 684
618 902
618 649
618 846
618 866
618 972
618 814
619 738
619 791
619 842
619 877
619 625
620 719
620 973
620 651
620 974
620 685
620 886
620 842
621 840
621 890
621 685
621 638
621 882
621 648
621 758
621 817
621 848
622 710
622 986
622 811
623 893
624 923
624 968
624 731
624 984
624 653
624 885
624 831
624 786
624 832
624 833
624 895
624 735
624 853
625 958
625 843
625 854
625 725
625 902
625 840
625 729
625 971
626 922
626 895
626 712
626 799
626 681
627 885
627 903
627 667
627 769
627 808
627 773
628 639
628 821
628 631
628 848
628 933
628 777
629 679
629 862
630 705
630 881
630 979
630 817
630 752
630 784
630 674
631 948
631 790
631 642
631 824
631 663
631 894
632 775
632 912
632 939
632 870
633 898
633 864
633 731
633 657
633 989
633 786
633 713
633 863
633 957
633 878
633 644
633 723
634 685
634 766
634 757
634 810
634 985
635 895
635 958
635 648
635 774
635 809
636 954
637 643
637 835
637 930
637 952
637 683
638 861
638 701
638 974
638 685
639 891
639 855
640 871
640 905
640 888
640 645
640 732
640 693
640 858
640 953
640 674
640 773
640 735
642 656
642 729
642 789
642 644
643 765
643 721
643 786
643 644
644 751
644 945
644 967
644 710
644 675
644 859
644 786
644 729
644 733
645 959
645 845
645 977
645 701
645 722
646 800
646 739
646 852
647 936
647 680
648 771
648 842
648 838
648 843
648 774
648 918
649 871
649 888
649 844
649 813
649 748
649 815
649 965
650 850
650 816
650 914
651 793
652 907
652 879
652 911
652 917
652 850
653 816
653 950
653 765
653 737
653 988
653 684
653 995
653 899
654 685
654 907
654 802
654 968
654 928
654 998
655 995
655 931
655 958
655 763
655 910
655 712
655 663
656 783
656 728
656 750
657 660
657 902
657 856
657 731
657 909
657 794
657 663
657 919
658 712
658 777
658 702
658 698
658 888
659 1000
659 944
660 692
660 772
660 682
660 930
660 963
660 979
661 938
661 857
661 971
661 746
662 729
662 777
662 826
663 695
663 782
663 781
663 766
663 908
663 894
664 779
664 681
664 984
664 734
664 962
665 716
665 747
665 860
665 737
665 721
665 832
665 701
666 727
666 925
666 691
666 798
666 898
666 834
667 879
667 868
667 710
667 946
668 856
668 708
669 751
669 846
669 806
669 929
670 978
670 984
670 756
670 915
670 806
670 817
671 725
671 741
671 732
672 898
672 736
672 709
673 783
673 713
673 798
673 722
673 881
673 785
673 766
673 769
674 773
674 784
674 917
675 810
675 772
675 859
675 752
675 790
675 707
676 970
676 831
676 798
676 689
677 898
677 837
677 972
677 849
677 777
677 814
677 896
677 679
678 758
678 848
678 703
678 750
678 931
678 843
679 763
679 691
679 862
679 968
679 896
679 694
679 782
679 984
680 962
680 982
680 802
680 936
681 847
681 902
681 760
681 863
681 799
681 909
681 836
682 866
682 804
682 930
682 945
682 887
682 803
683 694
683 897
683 875
683 739
683 783
683 918
683 787
683 767
683 982
684 889
684 988
684 829
685 798
685 686
685 771
685 811
685 925
685 753
686 956
686 798
686 730
686 812
686 935
686 806
686 847
687 757
687 995
688 720
688 726
688 856
688 698
688 811
688 697
689 986
689 779
689 798
689 748
690 753
690 790
691 885
691 901
691 832
691 747
691 798
691 889
691 934
691 732
691 986
691 964
692 852
692 954
693 732
694 954
694 742
694 842
694 776
694 744
694 904
694 989
694 971
695 857
695 729
696 910
696 791
696 915
697 792
697 808
697 752
698 807
698 921
698 702
698 706
699 923
699 771
700 921
700 793
700 962
700 963
700 916
700 930
701 974
702 817
702 772
702 830
703 848
703 857
703 773
704 827
704 714
704 705
704 877
704 892
704 903
705 997
705 826
705 999
705 787
707 921
707 866
707 974
708 731
708 962
708 798
709 811
709 725
709 840
709 861
709 940
710 952
710 868
710 727
711 860
711 755
712 842
712 816
712 901
712 936
712 865
713 797
713 786
713 874
713 880
713 809
713 950
714 853
714 838
714 749
714 961
715 784
715 755
716 889
716 851
716 809
716 759
716 884
716 927
716 991
716 882
717 945
717 747
717 954
717 810
717 771
717 942
717 980
717 840
717 958
717 792
717 973
718 926
718 809
718 911
720 723
720 753
720 909
720 824
721 724
721 840
721 863
721 974
721 851
722 974
722 948
722 881
722 757
722 976
723 865
723 726
723 843
723 809
724 845
724 940
724 923
724 842
724 749
725 986
726 981
726 763
726 840
726 865
727 891
727 993
727 786
727 971
727 750
728 801
728 910
728 803
728 806
728 750
729 955
729 825
729 889
729 984
729 874
729 867
729 858
729 865
729 826
729 733
729 840
730 859
730 947
731 744
731 901
731 927
732 805
732 964
732 934
732 749
733 750
733 878
733 857
734 874
735 895
735 762
736 940
736 937
737 897
737 889
737 860
737 948
737 920
738 889
739 743
740 946
740 845
740 927
741 919
741 871
741 804
741 897
741 772
741 786
741 904
742 942
742 954
743 978
743 817
743 752
743 822
744 839
744 825
744 745
744 901
744 813
744 849
744 904
745 825
745 938
745 842
746 760
746 761
746 884
746 856
747 945
747 832
747 871
749 970
749 821
749 976
749 842
750 918
750 907
750 989
750 828
750 758
750 979
751 837
751 795
752 808
752 902
752 822
752 790
752 772
753 780
753 755
753 843
753 881
754 936
754 769
754 895
754 764
754 943
754 786
755 828
755 936
755 843
756 994
756 975
756 915
756 786
757 759
757 904
757 953
757 879
758 829
758 959
758 817
758 979
759 809
759 843
760 762
760 946
761 830
761 807
761 996
762 862
762 777
762 947
762 778
762 803
763 910
763 828
763 818
763 766
763 821
763 836
763 843
764 895
765 989
765 990
765 902
765 776
765 820
766 838
766 970
766 785
767 787
768 793
768 810
768 772
768 789
769 909
769 972
769 828
769 816
769 808
770 774
770 904
770 974
771 841
771 868
771 923
772 897
772 821
772 835
773 866
773 902
773 800
773 977
775 781
776 911
776 925
776 788
776 892
776 871
776 910
776 996
777 871
777 814
778 893
778 783
778 911
778 949
779 996
779 818
779 944
779 860
780 980
780 982
780 829
780 884
780 840
781 812
781 782
782 858
782 815
782 886
782 984
783 791
783 966
783 828
783 918
783 944
783 835
783 805
784 992
785 796
785 951
786 993
786 838
786 831
786 885
786 951
787 792
787 845
787 883
787 999
788 892
789 897
789 979
789 990
790 875
790 874
790 886
791 949
793 962
793 849
794 832
794 909
794 894
795 854
795 868
796 886
796 832
796 891
796 894
796 845
796 985
797 968
799 910
799 866
800 849
800 902
801 838
801 919
801 944
802 818
802 935
802 817
802 954
803 832
803 859
803 806
804 871
804 883
804 889
805 844
806 978
806 987
806 829
806 929
806 894
806 878
807 852
808 855
810 954
810 822
810 957
810 833
810 853
812 872
812 935
812 833
813 993
813 839
813 971
814 979
814 983
814 921
814 855
814 995
814 972
814 910
815 916
815 897
817 913
817 878
817 968
817 924
817 954
817 960
817 998
818 878
818 826
819 881
819 937
819 882
819 935
821 977
821 892
821 979
822 859
822 845
822 957
823 957
823 941
823 862
824 909
825 939
825 912
825 955
825 984
825 875
825 921
826 972
826 997
826 931
826 865
827 942
828 972
828 966
828 989
829 890
829 915
829 987
829 941
830 891
831 976
832 891
832 965
832 921
832 885
832 915
833 853
834 855
835 958
835 930
836 843
837 935
838 842
838 895
838 896
838 897
838 844
839 846
840 944
840 958
840 874
840 963
841 883
841 868
841 879
843 858
844 888
845 894
845 940
846 974
846 983
846 945
846 868
848 965
849 960
850 863
851 908
851 962
852 934
852 946
855 891
855 973
856 902
856 857
856 884
857 904
857 896
858 981
858 867
860 874
860 943
860 904
862 875
862 890
863 887
863 929
863 953
864 931
864 934
864 997
864 919
865 936
865 872
866 871
867 955
868 877
868 882
873 874
873 883
874 883
874 910
874 984
874 880
875 924
875 897
875 921
876 990
876 936
878 968
878 957
879 998
879 911
879 983
880 999
880 998
881 986
881 890
881 997
882 937
883 966
883 995
885 988
885 913
885 921
887 986
887 920
888 950
888 901
888 990
888 998
888 910
889 897
889 890
890 985
891 922
892 934
892 901
892 979
893 971
894 962
894 978
895 990
896 949
896 904
896 907
896 897
897 969
897 968
897 991
897 952
897 980
899 924
899 995
900 948
900 990
901 950
904 943
904 966
906 979
906 915
907 921
907 952
907 978
908 972
910 973
910 942
910 939
911 932
912 990
912 914
912 944
913 988
913 997
914 955
914 957
916 974
917 977
917 962
919 953
919 967
919 982
920 931
920 948
921 983
922 953
922 940
922 937
926 990
927 946
927 991
928 968
929 967
929 944
929 991
931 942
932 999
932 958
932 981
934 946
934 972
934 997
937 940
938 997
941 962
942 947
943 996
943 998
944 991
946 972
947 979
947 948
947 991
948 990
952 987
954 984
955 970
955 997
955 987
961 976
968 984
972 994
975 977
976 1000
978 984
987 988
988 991
989 997
989 990
990 998
